replicate	UMAP_dim	cluster_num	tot_withinss	silhouette	gap_stat
1	2	1	2675.908639637433	NA	-0.04399939067520009
1	2	2	486.02929751189913	0.7074384708752969	0.18730632874802833
1	2	3	231.88014079992715	0.6146997087908643	0.26985497257230584
1	2	4	182.25062887712488	0.5288507254586021	0.23395043800889503
1	2	5	151.22477566639668	0.3880297681943485	0.24619313382230867
1	2	6	123.61628856675783	0.3920928361058841	0.2197492424981613
1	2	7	103.56133584132523	0.3976873905587868	0.19144924998487634
1	2	8	81.03097331107384	0.4284887371913517	0.251967593521504
1	2	9	68.95380277552074	0.4282678749518601	0.3251943696686612
1	2	10	59.72122190089597	0.43562953415213046	0.3273608198901443
1	3	1	1533.7799946964844	NA	-0.028598087092904123
1	3	2	366.88169881361523	0.6439429064011118	0.17367426740348257
1	3	3	183.9031345706009	0.5668623884775651	0.3068272681701272
1	3	4	151.06035514966777	0.48647136184242645	0.2908349992177799
1	3	5	127.99270163420445	0.5047447716079644	0.2650610911058271
1	3	6	107.1871698593978	0.4274730436047007	0.3029067531854359
1	3	7	95.73136419443713	0.31790232728885015	0.21005744082362776
1	3	8	82.23000269701379	0.3474154175799428	0.34684382831781946
1	3	9	73.47983706423265	0.35627852705259183	0.25053672760897605
1	3	10	66.40834510797016	0.357909598652971	0.36909439716252734
1	4	1	1435.973396790534	NA	0.03172397822798434
1	4	2	334.7014763003421	0.6667829198498375	0.2742909862953091
1	4	3	190.16803156465988	0.5408972823124807	0.3868487022149205
1	4	4	148.20155564973055	0.47486660117877877	0.39780964363940274
1	4	5	122.44624905011689	0.45560842759429454	0.388733626461768
1	4	6	104.13092289334324	0.4603425471099675	0.3702027734824078
1	4	7	92.16830235859216	0.47513152557888566	0.45533366054595126
1	4	8	84.13127556705642	0.3274474130314764	0.5011165454554369
1	4	9	72.16245851352704	0.34433897568376104	0.4997711420285684
1	4	10	67.68963997528031	0.33852416881073816	0.5437410867349022
2	2	1	1902.7082349226018	NA	-0.03280321019987653
2	2	2	506.6232796186596	0.6359017736870672	0.16311429811573497
2	2	3	226.83277945227772	0.6070944959136002	0.37538309031287653
2	2	4	169.4112436299271	0.5652483132265615	0.3711816184066068
2	2	5	137.3592475010528	0.5005676015399052	0.3166412779069807
2	2	6	113.76006253402196	0.5063555648508491	0.3352513484603765
2	2	7	94.08708098039138	0.5302647804680436	0.34908354141274245
2	2	8	77.05066404321651	0.4336864787871651	0.3236764078100114
2	2	9	67.66442848984126	0.42986160161925135	0.31325036324649735
2	2	10	59.73979705493058	0.4396971169884524	0.3371886578570331
2	3	1	1699.796426357561	NA	-0.04279183306598089
2	3	2	364.8182473869241	0.6816785378952166	0.19465248377841426
2	3	3	180.77015112818185	0.5881733790458189	0.3212208059329047
2	3	4	150.38944925074418	0.4889740947666168	0.2926539475966585
2	3	5	128.8282891021981	0.47728104802100946	0.3293011013708962
2	3	6	111.42866795500929	0.4255529932408842	0.34232291991996533
2	3	7	89.8922451680867	0.4470476043721171	0.33155804858966054
2	3	8	79.88673734742548	0.3522967987730249	0.40603767209564356
2	3	9	72.02294991539871	0.3518516194383745	0.3529310055954453
2	3	10	64.63313419142914	0.35806355292462777	0.33440218238952735
2	4	1	1277.8931415428583	NA	0.036944191844739294
2	4	2	347.65245322319817	0.6082635883885059	0.27263416008456876
2	4	3	174.87928832590688	0.5631977348150911	0.4436388671962286
2	4	4	143.87461619043776	0.5077706405031571	0.4443229911523048
2	4	5	120.30654366315326	0.40456473828690365	0.42609701032148584
2	4	6	102.83867253175788	0.4138717900774194	0.36140958102856535
2	4	7	87.3322748562328	0.44222480731884006	0.49598711157750675
2	4	8	78.57326018878943	0.33839362750496854	0.5121177271479751
2	4	9	70.94782413289302	0.3410583276898399	0.5182616650806922
2	4	10	64.50501750901108	0.33622812613589775	0.5313289055658141
3	2	1	2203.2571710914754	NA	-0.01580886691196426
3	2	2	473.0949066078914	0.6864399590200133	0.20360330495131063
3	2	3	225.8507983624698	0.6059051324437693	0.3366186220259131
3	2	4	185.82285403577225	0.5919721858797407	0.29758890040831076
3	2	5	147.0588641655364	0.5160774954336347	0.3021041959430262
3	2	6	119.40342749708901	0.5385877403048559	0.2594348410399281
3	2	7	96.81984035112652	0.40039619882509814	0.22425543471334874
3	2	8	81.92526812664397	0.41185755709630806	0.1794047492566202
3	2	9	72.01984092346125	0.41646185063867963	0.16011044938649466
3	2	10	62.657124052197695	0.42935006543189935	0.22555393967882642
3	3	1	2313.0639731727906	NA	-0.0911380920311089
3	3	2	386.8553387915267	0.7201232908622384	0.23451111990611118
3	3	3	205.12851241425284	0.5984978676355802	0.10240484282550266
3	3	4	166.73121249260424	0.5170457223265996	0.29110030225094796
3	3	5	129.67302899716876	0.5145668496894361	0.27129986458851896
3	3	6	111.4628026707962	0.5219009975181561	0.33899475986303385
3	3	7	92.24045743967325	0.47660923648235004	0.32974465902633776
3	3	8	87.73049679481795	0.4595298761491248	0.2658105864732616
3	3	9	73.16442875913964	0.3719289717798411	0.3686583133607044
3	3	10	65.969964763837325	0.3657770600319455	0.21280691362716642
3	4	1	1597.4879365454976	NA	-0.025821773222613587
3	4	2	326.3767002765383	0.6876473351512975	0.27207667686871506
3	4	3	178.64499343250026	0.5654650868769794	0.38748452383946574
3	4	4	150.14642400887746	0.46822805428049563	0.3777826958482171
3	4	5	131.38793242165866	0.4765273075145877	0.3532479933252244
3	4	6	109.4345235182461	0.4203753397525825	0.32777095128485545
3	4	7	91.73304592206051	0.44305888532911236	0.42279822508797826
3	4	8	83.82151611994951	0.3318389223315039	0.42110508893717435
3	4	9	75.66043903780233	0.34050277525698963	0.4690560535787811
3	4	10	69.84721023103084	0.3313774825842109	0.48223072512275644
4	2	1	3322.376726959648	NA	-0.0073384746494919995
4	2	2	606.7763423590777	0.7114301874809577	0.21096278355298548
4	2	3	282.4730115974382	0.6381571644420485	0.3037291418374082
4	2	4	190.2858969899783	0.6038391356294486	0.24168977041636008
4	2	5	142.34446209847673	0.5902061047760874	0.22431862666564673
4	2	6	116.68157058288767	0.4456739660797828	0.296293526658272
4	2	7	101.72106410980992	0.43925401722668356	0.34010650067826464
4	2	8	86.12049550572785	0.4070475158598952	0.34151485451829666
4	2	9	73.44356056627397	0.40519878673194853	0.3617738162504649
4	2	10	62.072488896561005	0.4212724250343952	0.3218496973549998
4	3	1	1970.3599380773978	NA	-0.07206409728378649
4	3	2	391.2857284663519	0.6923680962240845	0.20771744803048353
4	3	3	197.39396726804924	0.592235396128094	0.3341625424347878
4	3	4	153.73118891202307	0.5219317393555825	0.3030391767795475
4	3	5	128.08908797761808	0.5060865669934015	0.31073318759099156
4	3	6	107.83365597542556	0.4529919350380866	0.37980750137766384
4	3	7	93.66023456993307	0.45692408869051515	0.37936843887242766
4	3	8	81.42148548728818	0.3536528597351888	0.38426403440439927
4	3	9	72.7980284066298	0.3599470733929993	0.4280781395893669
4	3	10	65.39378619616157	0.36284648515685775	0.39134868456789595
4	4	1	1386.9849962509538	NA	-0.010121499188189276
4	4	2	322.0586180356373	0.6486790138018533	0.21295386785061332
4	4	3	184.4586673535159	0.5407420399365064	0.3061586121552926
4	4	4	150.11105810184847	0.46731365628476484	0.3172441546803695
4	4	5	128.6535472630978	0.4689745029550682	0.33319789211302986
4	4	6	109.98872391802482	0.4139721166355285	0.25284338964554554
4	4	7	98.59206061580032	0.42047427082090694	0.31943093797595923
4	4	8	83.67429852077305	0.4489106167250705	0.2932542586567761
4	4	9	75.6517938477252	0.32548190277885636	0.31597090962760266
4	4	10	68.70365714743295	0.3337950036909539	0.36181351813539964
5	2	1	1940.9092660126123	NA	0.01699327729359723
5	2	2	516.2167359107419	0.6189915399539291	0.18727669516177414
5	2	3	210.33381162097407	0.6202765529470526	0.39421948800118134
5	2	4	174.7158314595287	0.5514629561463091	0.37248607871665573
5	2	5	139.16847837144311	0.5004695267021081	0.3664958643939231
5	2	6	113.84561274645108	0.524491514184127	0.2899025517133915
5	2	7	91.40832232979852	0.40813044832202205	0.35064979805330543
5	2	8	76.86756863126335	0.42042384307879654	0.36096822147986174
5	2	9	66.94831007063577	0.43428933921920576	0.30259984051969413
5	2	10	59.6102807219441	0.4231923123277944	0.40226162180651315
5	3	1	1625.0407067102933	NA	-0.054910279579836185
5	3	2	369.36451575526894	0.6636661717494858	0.18351405326711756
5	3	3	188.600689541823	0.5714399128194487	0.3191958235397925
5	3	4	155.87154051541256	0.48655929839091333	0.28658726007132085
5	3	5	132.88715687729325	0.48132806856949145	0.3061570383533647
5	3	6	111.79584274998548	0.4319645523908952	0.2588355486777165
5	3	7	96.02605856901741	0.3461084384823389	0.23183938888699274
5	3	8	81.72753239778564	0.35897993444138887	0.40092735851280636
5	3	9	73.45997913939891	0.3584967563613581	0.23577003318941658
5	3	10	65.46534056295835	0.3699538428454541	0.3951875620444918
5	4	1	1702.4461454386933	NA	-0.029894313728775934
5	4	2	320.79615150822985	0.6975935072082488	0.2581007527297947
5	4	3	194.86964842421838	0.5424992514097126	0.3160123659956051
5	4	4	157.38900378729645	0.45422061174622735	0.2994799444807672
5	4	5	134.43096395369804	0.441274463751721	0.29070278291638196
5	4	6	109.53370152031073	0.4437523126737054	0.2774319526665181
5	4	7	91.2181901559173	0.46150566792602954	0.440853534724964
5	4	8	83.09773030188667	0.3397687691077381	0.3823598509885584
5	4	9	74.92286193453909	0.3439282784129285	0.45337863889365604
5	4	10	68.78309282279665	0.3517391761468381	0.3369575166452128
6	2	1	3360.7525462838485	NA	-0.06135495019635151
6	2	2	524.2544678763013	0.7477608015230481	0.3215399090537199
6	2	3	272.8175382416878	0.6255040995556723	0.4477053343937829
6	2	4	199.89169860845766	0.537068550261447	0.4637869880064178
6	2	5	143.4764166482848	0.5499246083425555	0.37181163036586806
6	2	6	121.84019399960846	0.5090466344874436	0.4349546303134315
6	2	7	103.24327038445746	0.407864243591387	0.47674263838669395
6	2	8	84.13894947862856	0.41480716444648624	0.4822405743975371
6	2	9	74.66363522205211	0.42142913106517293	0.480477482561541
6	2	10	62.91189597933863	0.4416986722536691	0.37272198504864384
6	3	1	1511.6526708362874	NA	-0.008358570600522697
6	3	2	358.58089902525535	0.6587928337269748	0.22998791914827876
6	3	3	191.14121003541592	0.5606691065354034	0.1397169695273135
6	3	4	152.9066252135566	0.4944566228730504	0.3862123169780469
6	3	5	125.30212791422812	0.48403602866400075	0.3734161562733451
6	3	6	105.97317613157158	0.49763800545070863	0.3662771115955672
6	3	7	89.6218897335023	0.4471184319182415	0.39678755591849857
6	3	8	79.05390823735726	0.36280038075808785	0.4234550898298748
6	3	9	72.62980387602019	0.3598220840231711	0.42153365760854733
6	3	10	65.58824213229097	0.3773671715854617	0.4829187702519455
6	4	1	1650.275585954461	NA	-0.026383878304417685
6	4	2	332.62804173861576	0.6874467209944504	0.2896352981990242
6	4	3	193.9067772896568	0.5563043635427869	0.3897474831466061
6	4	4	144.68378063541087	0.49279060323937524	0.44406214152632995
6	4	5	123.81290692893634	0.43080712440660207	0.4800928929485653
6	4	6	105.07629979647581	0.4279499021364192	0.47137457944777994
6	4	7	88.53264494612083	0.4448930368790393	0.33907493405602196
6	4	8	80.79388851739655	0.3306024121002869	0.3333513312877239
6	4	9	72.87643485994872	0.4251636270912937	0.5008252714956458
6	4	10	66.89667160878369	0.3365200905586661	0.4214874963688211
7	2	1	3380.781257249137	NA	-0.04000557147752826
7	2	2	647.7813825436285	0.6994478292209632	0.25436545123932675
7	2	3	280.9701922987927	0.659381869301741	0.3677953660172637
7	2	4	202.9301691486702	0.5972592832969903	0.3989584858465678
7	2	5	140.65113124476233	0.5762340987132709	0.46404752656089476
7	2	6	116.51093187842908	0.43487620746118827	0.44622030853566663
7	2	7	98.81812287287563	0.4308919436002559	0.4786448045424496
7	2	8	84.67527917798114	0.4394654825791887	0.45099103928129924
7	2	9	73.10539702805188	0.4441122675879901	0.4212740584853676
7	2	10	63.034243515830546	0.4331049704338677	0.4830527502824564
7	3	1	1533.4333475997921	NA	0.02462674431133305
7	3	2	379.35510924282414	0.6385874062750613	0.2060647359531007
7	3	3	198.6517672132992	0.5583886955880573	0.31931262050260134
7	3	4	159.95005744917822	0.4794528379956321	0.280975598233006
7	3	5	134.48588887022268	0.5039537102456321	0.3435688973931734
7	3	6	112.37012973749246	0.43576187928570503	0.3329564539945964
7	3	7	96.65758017522515	0.44915122747800973	0.3826949902774883
7	3	8	85.24486205330189	0.35137450338484616	0.4093103035818646
7	3	9	75.01700199842179	0.3598264544048548	0.20577355313303958
7	3	10	69.02048958029046	0.35350328803270803	0.43178381383865805
7	4	1	1549.2093181919633	NA	-0.04153528247941196
7	4	2	341.79205758136163	0.6730333768425659	0.23703580450246253
7	4	3	184.34593436189306	0.5602677035477953	0.36694192898323674
7	4	4	154.95026141463262	0.469150597236967	0.37600699099897206
7	4	5	127.5984558511615	0.4703351793398764	0.3704379332108223
7	4	6	107.86767075812443	0.49548227410598206	0.4060588293029581
7	4	7	91.46174811559038	0.43939319690238665	0.4045547668201803
7	4	8	83.37939033854916	0.3306169584987946	0.45247808502866693
7	4	9	72.09970836638843	0.3490527581587154	0.30260374060104533
7	4	10	65.42608178091912	0.3469677978700326	0.4045311226831183
8	2	1	3281.2314439629827	NA	-0.1287362685065423
8	2	2	520.5218698115971	0.7345777751323733	0.1784038899720386
8	2	3	250.42516858139507	0.6357838444861668	0.25489223578119
8	2	4	191.91172769377948	0.5334750222735308	0.22521244287953035
8	2	5	152.5269573729308	0.4421598887721901	0.20288157331321788
8	2	6	114.44672034779819	0.47819027331977987	0.18062272310980498
8	2	7	92.5481500329909	0.49655946111440524	0.22484936447054604
8	2	8	75.96641500221396	0.43996912789051185	0.18988472934432776
8	2	9	65.44773465158805	0.4389389015991075	0.2946291521010336
8	2	10	57.259527501953286	0.4342769608786744	0.2439076322475584
8	3	1	1755.0292856451213	NA	-0.024609251118598685
8	3	2	350.7357544193276	0.6895050478909481	0.22716639589342602
8	3	3	192.90457114342172	0.5747500523441206	0.30540874458990963
8	3	4	149.1519651869185	0.49283488027080924	0.31683105209282214
8	3	5	127.75049905841334	0.49498366454024906	0.32142524925486704
8	3	6	110.57088465647006	0.43699225594060925	0.28632425142758855
8	3	7	90.86703904054832	0.46920100147232713	0.2990170555607632
8	3	8	80.37440500424137	0.3607464486136904	0.3488555211983133
8	3	9	71.80239475378788	0.3565681174633474	0.3262132716681734
8	3	10	64.60484118615153	0.37444839948970293	0.32884437670602384
8	4	1	1431.563892671492	NA	0.020119832879466948
8	4	2	333.21681203978795	0.6598862968497773	0.27362502825122714
8	4	3	182.9706438465387	0.5551229931846078	0.39964199934479794
8	4	4	147.83415389330494	0.4772640766226816	0.371340986803542
8	4	5	124.47603558236767	0.46004209245585	0.4004106354201431
8	4	6	104.6470533238459	0.4855493513429365	0.3937750775038191
8	4	7	92.92455356658238	0.3407439851728805	0.37892696281608895
8	4	8	81.74903712463079	0.42895954387869883	0.5343977788089056
8	4	9	73.82504050090736	0.3444933546812904	0.5521590648268075
8	4	10	68.70228331743631	0.3364820186093353	0.5159017481304358
9	2	1	2673.6278454115895	NA	-0.03027750450717903
9	2	2	631.805275083015	0.6656316379327825	0.1731882861038292
9	2	3	249.3516776134648	0.6359708093631955	0.3734384303206655
9	2	4	197.7444188334799	0.551372045979154	0.3830517333944412
9	2	5	158.01847822059938	0.47050206393990956	0.3861141099073233
9	2	6	118.71503409274554	0.5020794983965251	0.37570097709465156
9	2	7	98.12736520527575	0.4357996813184395	0.3871416411252553
9	2	8	82.73346222737652	0.4333757086362886	0.3573348751891068
9	2	9	72.0857430282289	0.4320017746546793	0.41176749998605766
9	2	10	63.44891290609191	0.41416171858065504	0.41689501480233115
9	3	1	1811.9720689232308	NA	-0.028182769021032783
9	3	2	379.1010285582579	0.6822991166415331	0.26536181102212275
9	3	3	213.64880128970918	0.5751519759953513	0.16990565722720774
9	3	4	174.68028146697597	0.5177730716215532	0.3872914344567171
9	3	5	138.14711278961337	0.4962013834931177	0.3389761533854978
9	3	6	114.81021750541859	0.4602276599654305	0.43831013647175165
9	3	7	95.42995520998485	0.47089484686310595	0.45429879685481644
9	3	8	84.69832865457064	0.35567110894638887	0.48870257133977724
9	3	9	73.7414977746725	0.37596048365967727	0.5065866870966116
9	3	10	67.0259990559602	0.37347632634570616	0.3980281996177748
9	4	1	1531.2329789035946	NA	-0.024584258065747377
9	4	2	337.74416774237073	0.6679997794626523	0.2679484020229932
9	4	3	186.4440751246114	0.5558918037090371	0.40081366772397153
9	4	4	152.54382610121468	0.4778173901144251	0.39111651246060664
9	4	5	129.80202597155514	0.40597896170613174	0.3805542944559974
9	4	6	112.39060082244822	0.40656775011504376	0.45595348745859043
9	4	7	94.3422227298424	0.44188223982020813	0.4706284136663408
9	4	8	86.0484780150816	0.44405107190050647	0.4735307918936771
9	4	9	77.77137896036476	0.3983682111070276	0.43041734377045326
9	4	10	71.61501446327537	0.31491414701925224	0.45915019998551365
10	2	1	2186.5743114188012	NA	0.01294561330901356
10	2	2	558.5091837706356	0.6520610934431006	0.15583663874526454
10	2	3	215.8124123253013	0.6369568845560998	0.3669738341575206
10	2	4	159.9945145036852	0.5669161663109081	0.32642088456960305
10	2	5	133.1888223311787	0.40631972608232514	0.30378350401827525
10	2	6	110.14843441137761	0.4165338162423525	0.2512306820961072
10	2	7	92.31444665585605	0.40551854522927633	0.21189762932845913
10	2	8	76.31736419434692	0.409827582305954	0.34866210495568684
10	2	9	64.22782917201383	0.42091662156102044	0.3124559000391698
10	2	10	53.976618801244236	0.42952496392762896	0.3081124497716914
10	3	1	2117.1085481694977	NA	-0.07574663276907945
10	3	2	418.34035977007454	0.6908274554419229	0.14530192239642847
10	3	3	182.63517312210922	0.6238868123348712	0.27200965096020724
10	3	4	150.4249934744336	0.5186834098117359	0.21191532970941118
10	3	5	129.3789390002624	0.39626217408777475	0.19517232588138
10	3	6	112.27510156615897	0.4137959592270429	0.2520888482575958
10	3	7	97.63560652764363	0.333867288024343	0.21194134649328022
10	3	8	85.51191911484881	0.35107128574869234	0.2874241062905658
10	3	9	75.4089284042954	0.34878105725458586	0.3083687834385702
10	3	10	69.69593598105263	0.3564115421653642	0.24075714940371018
10	4	1	1445.8983848257756	NA	-0.013447215691964942
10	4	2	332.7516023549148	0.6626989983976932	0.26423227469084853
10	4	3	185.13964609159916	0.5547966767280266	0.3965200258814914
10	4	4	148.34561059315	0.4833361823806989	0.39299475924654637
10	4	5	125.43451682416024	0.4911330035394728	0.4374497503420307
10	4	6	105.95015904752486	0.41422436968334175	0.4686636282036134
10	4	7	89.40561652959161	0.43977419530369594	0.31982321027308114
10	4	8	81.48755169746819	0.3301733919775807	0.5045804221640902
10	4	9	75.7327280160045	0.32628549228331744	0.44149084450632436
10	4	10	68.66371087005717	0.33096297685209847	0.33488984541360445
11	2	1	2675.849963339783	NA	0.03497206144932985
11	2	2	696.3936135308517	0.6469820381209279	0.17231003052026583
11	2	3	267.39109586211544	0.6385191924607251	0.3729245071150942
11	2	4	189.01879455439476	0.5953630368991862	0.39215153771482925
11	2	5	139.76604347051844	0.5015953677574236	0.3843565413056016
11	2	6	115.1156723046873	0.5100256969530628	0.4462278733484095
11	2	7	96.31538766455277	0.4197140626165076	0.4326222153839141
11	2	8	80.16419979864014	0.40716490007712636	0.41232211289260423
11	2	9	65.52598860462285	0.42100860578489424	0.4683895054742946
11	2	10	58.3671077017583	0.4301714171625504	0.47206714282177087
11	3	1	1688.406031329704	NA	-0.056307794289234714
11	3	2	364.1989377764286	0.6725102605911268	0.17713976664571351
11	3	3	192.962021993238	0.5708586524180329	0.04557079359775695
11	3	4	159.58577025353628	0.4865381205318567	0.24869929690608483
11	3	5	135.0943452878428	0.4655334590825838	0.2626994067177666
11	3	6	111.32041410650329	0.5048602258801637	0.19372168739819617
11	3	7	92.59919855205169	0.4672393388983658	0.2828139115144115
11	3	8	81.45199162616963	0.3614953731769433	0.19346479739377642
11	3	9	72.50431633058066	0.36940222881250345	0.17340957185054107
11	3	10	65.29214291212853	0.3713843332817821	0.25977065770085206
11	4	1	1724.3022793167563	NA	-0.013995232490929155
11	4	2	364.3280483955528	0.6810805970110466	0.2598973289248043
11	4	3	188.94562842001548	0.5741565878822934	0.3936369692495374
11	4	4	141.38243668918528	0.5194038949518205	0.35699079668939593
11	4	5	118.95305131355649	0.4343140072459389	0.3616455600985429
11	4	6	104.3040700087101	0.41997633732031336	0.34168242418319483
11	4	7	93.83514791318753	0.42975971935776186	0.3277851602160995
11	4	8	83.71877454217201	0.3140909381638101	0.4438982865290755
11	4	9	73.59771942212272	0.3251257694324826	0.46042314433091613
11	4	10	67.89129333464224	0.33112060230493523	0.5061712944505943
12	2	1	2294.787207163169	NA	-0.05553721548475732
12	2	2	449.61700318737167	0.6956325158781071	0.17783721631846472
12	2	3	231.44555652777638	0.6023537733907116	0.2534963159715211
12	2	4	175.02647357720065	0.522887317804109	0.2120852542092333
12	2	5	140.9179293755134	0.542513094989385	0.19061722967679184
12	2	6	115.8191218106962	0.5016557601936169	0.151885062220817
12	2	7	96.2103510874518	0.40617012635239275	0.11039622065660959
12	2	8	80.18088233103384	0.416617992106444	0.294872710347331
12	2	9	69.09153045742116	0.42466464225807793	0.2747632096282895
12	2	10	62.4357179473904	0.4185084100810373	0.30409759760300714
12	3	1	2356.4293400337515	NA	-0.07474229432527668
12	3	2	386.08705055634834	0.7305896730909298	0.28033759995182006
12	3	3	197.6984447356811	0.6013900018070112	0.3986537672431254
12	3	4	154.63330675705842	0.5175825259983063	0.41710351652045397
12	3	5	130.89906367823409	0.4323879446799339	0.3403306171507152
12	3	6	107.36877380938348	0.46416313539776605	0.3416687269865424
12	3	7	94.40488954158369	0.35812208702496634	0.43412701317869073
12	3	8	79.61901389487662	0.36526021839416567	0.4795639312603668
12	3	9	72.70830589158622	0.3616939867468601	0.40674442013049905
12	3	10	65.30731271406236	0.36328547162924535	0.46697079964329147
12	4	1	1437.2326739354328	NA	-0.04063500020009325
12	4	2	321.78011330912625	0.6616443084968556	0.22652943531031067
12	4	3	189.04829054850367	0.5380031984304061	0.1436241134890066
12	4	4	155.0126348697196	0.46669291357822223	0.2981920150040631
12	4	5	131.16480456454644	0.4645505298512053	0.31483823302284897
12	4	6	110.87461862165146	0.4268874155291424	0.36644459543125985
12	4	7	92.19245480180487	0.45533602299839737	0.397767784778015
12	4	8	84.72400163155679	0.32240820036169215	0.3171253419072557
12	4	9	77.09732239782852	0.3231015291183292	0.4585195205365009
12	4	10	70.92385900176716	0.32715998012432934	0.2797265689522179
13	2	1	2996.292568382683	NA	-0.09616115243828904
13	2	2	474.8483296494971	0.7366269841816346	0.22035266263420716
13	2	3	229.1851468913423	0.6257446394132683	0.32189354559379524
13	2	4	180.98188682681774	0.5333627618235267	0.30930539423857084
13	2	5	144.17681402362234	0.5138439203604342	0.3099123717478358
13	2	6	118.03802715885324	0.5122805731367789	0.2518968562696382
13	2	7	100.28060104730338	0.41216256538927054	0.3389224468036285
13	2	8	83.57725033164144	0.4131238003528969	0.18790472349303666
13	2	9	73.92760387304735	0.41074023895024114	0.3216081135081206
13	2	10	63.23341298467122	0.41995531584911583	0.34594166597661147
13	3	1	2202.3233308853196	NA	-0.07396773032863102
13	3	2	457.4334975813715	0.6764913322907442	0.1892179646882104
13	3	3	202.1096335705696	0.625183790150044	0.3805089685328502
13	3	4	165.44456756044482	0.5402006715372963	0.3559267933153114
13	3	5	138.5493383893953	0.44670262138187367	0.3940138726725797
13	3	6	111.76518770132114	0.497798888705867	0.38100596076481485
13	3	7	92.78017683006007	0.5125712800004193	0.48157560671993016
13	3	8	82.13576583428141	0.36178718172997554	0.45195991238149924
13	3	9	75.77289125175375	0.3572727080272203	0.3669755716699341
13	3	10	66.41052008336122	0.3689346688787158	0.3274632724951969
13	4	1	2075.3288313068037	NA	-0.0878701081399198
13	4	2	367.94429798183603	0.7115915782953686	0.2308324521457612
13	4	3	197.41145381994545	0.5912182923940715	0.3304597213477338
13	4	4	154.003252175478	0.49278156069301304	0.3320409829692146
13	4	5	128.01149608613247	0.5079445623255897	0.37105608353585495
13	4	6	105.18581830703016	0.42676078573038123	0.2649981981526315
13	4	7	87.49454870875535	0.4500057109947644	0.32789187022649724
13	4	8	80.11860387850889	0.34056492348288814	0.4672444796413413
13	4	9	71.63546592922856	0.34095017225442914	0.33347933161690024
13	4	10	64.47819387027117	0.3399656299149516	0.4683806394129588
14	2	1	2393.565479811822	NA	-0.06519084905221462
14	2	2	566.548762340185	0.6639573981357335	0.1382783611276457
14	2	3	224.99653185471732	0.6362371975016244	0.34074030329278937
14	2	4	177.14921801594045	0.5672483917822324	0.3223584062962983
14	2	5	141.221986689788	0.4564517131337445	0.34088430877602693
14	2	6	118.53337789965651	0.4057209191364116	0.3068258038439229
14	2	7	100.02731916006006	0.40959506220572145	0.2571057314919547
14	2	8	85.41737072250008	0.4146345310972188	0.3527103850617763
14	2	9	69.87671967239255	0.4329960964525141	0.28265772063011996
14	2	10	59.229283393506016	0.43901149830985375	0.28855718911677686
14	3	1	1936.6635306603025	NA	-0.041883271280260814
14	3	2	377.70698540386746	0.6924739539916805	0.20045390569620736
14	3	3	210.70424668471165	0.5756363592046106	0.2641773050326659
14	3	4	171.44528549901247	0.49141277309975945	0.2361114024864186
14	3	5	136.7812649789618	0.4946320458223623	0.2043874266014143
14	3	6	111.9807025208692	0.45091415908874366	0.3145248504955407
14	3	7	95.764038439903	0.45425201861865067	0.3352779912418553
14	3	8	83.85774462530766	0.47256008886357764	0.23951199905073706
14	3	9	73.58640222610684	0.36733545072253954	0.3182424012280092
14	3	10	66.43350103016847	0.3660032571176443	0.29053751230371816
14	4	1	1340.8190537539692	NA	-0.02380992298429696
14	4	2	345.78460604654333	0.6292003378079671	0.2063195490173939
14	4	3	183.27708340971645	0.5544600292501426	0.35707380905073904
14	4	4	146.34773660855967	0.48452929778575815	0.3535288396269518
14	4	5	125.75008262379174	0.43597442849235196	0.3715849379370533
14	4	6	105.4849960221404	0.4469808519130366	0.3778706908638485
14	4	7	89.74095638364867	0.45435280791891347	0.3552343997574918
14	4	8	81.0915701329237	0.33530590549490213	0.38086590995283887
14	4	9	73.53251447555887	0.3397630816903622	0.34718682651948507
14	4	10	68.06933856221043	0.33751448548649127	0.3640943227223481
15	2	1	1972.4132353155594	NA	0.0365933447904041
15	2	2	502.6747817176541	0.6415941949337011	0.2422679080913861
15	2	3	234.0720107455447	0.6046199881022118	0.36276011089629545
15	2	4	178.04911600848965	0.5152503092873864	0.3867086169792273
15	2	5	136.35210933743548	0.485684224740074	0.33525900149074594
15	2	6	106.02028227739845	0.5049457002838701	0.31227546356657143
15	2	7	86.68730622078138	0.41166104917491547	0.3613026545398843
15	2	8	75.46297611470011	0.41317984026986326	0.3198897560521434
15	2	9	65.77080683399376	0.4123963492368607	0.39595587394488874
15	2	10	57.54868122896539	0.42735986422473277	0.26460151607510163
15	3	1	1719.9368468551263	NA	-0.04481364153275269
15	3	2	366.9571894514395	0.6709980086477394	0.18964253659157837
15	3	3	213.51371282302532	0.5486333815349013	0.2549809951387134
15	3	4	166.45824630008724	0.4668553057878737	0.20928895336800757
15	3	5	138.7128626555243	0.47901967889201635	0.2616089220554043
15	3	6	115.06919873325641	0.4404390486515302	0.28786201784448107
15	3	7	97.43508117260858	0.46183239449918745	0.309702925328466
15	3	8	86.20214476992219	0.3605390908762565	0.2523736021364469
15	3	9	75.71372441192297	0.37342449614882633	0.3661763612235154
15	3	10	68.65305381416954	0.37162645800651223	0.21898984541854594
15	4	1	1618.537302554454	NA	-0.026231174120323608
15	4	2	322.78841321257994	0.6867432066668969	0.26855875904326876
15	4	3	193.36810049457046	0.5422935899957297	0.1693731049247562
15	4	4	159.88389400304195	0.4420235557814494	0.3445365549074282
15	4	5	136.97073070206378	0.4586315250585647	0.37362335549629133
15	4	6	114.48978777412607	0.4322070541975965	0.43336157296372413
15	4	7	94.27288044630656	0.45062289976323466	0.4263699923678921
15	4	8	84.14950208977619	0.4587060114462099	0.35927097278707354
15	4	9	76.28744948456203	0.33656031549531024	0.3393354792720924
15	4	10	69.08296344418564	0.34033391316702494	0.40676172754176276
16	2	1	2589.0916256481482	NA	-0.03759615701618646
16	2	2	496.4101792019193	0.7060525723523127	0.22147072842416193
16	2	3	232.64304076895513	0.6295479417976639	0.33774624125648955
16	2	4	174.9063151066381	0.547206357667696	0.31331065776810707
16	2	5	143.6832292055224	0.41105038099886637	0.26867909026872105
16	2	6	120.99864542919116	0.4136344006345495	0.3032104124541184
16	2	7	102.68668209360257	0.4368643407706222	0.2607294659256749
16	2	8	87.96618138160379	0.4164767486818361	0.2978069543930122
16	2	9	72.50772097319856	0.41615090863499327	0.3287926290892327
16	2	10	62.68017488360433	0.4294904092044117	0.282241142768453
16	3	1	2013.9589256413485	NA	-0.026636823239236662
16	3	2	368.5381122793785	0.7115468399585343	0.2690188817678374
16	3	3	189.78538365440835	0.5912206449290955	0.14718841381822045
16	3	4	146.35573292201863	0.5078211989489999	0.3292432200854378
16	3	5	126.96679042207543	0.42090091052636847	0.3873743147680089
16	3	6	109.20187194966584	0.43475366233151314	0.3831804348125849
16	3	7	91.8956733805735	0.45050999819266135	0.36647774197200844
16	3	8	81.00495852611648	0.3473220419438653	0.38902715277978483
16	3	9	74.30193188995847	0.35653644882806995	0.3763049983561264
16	3	10	69.26474948571985	0.3498935660726394	0.43808962063850876
16	4	1	1461.9034646226894	NA	-0.0013012535065319852
16	4	2	348.78699106714856	0.6573716574073631	0.25371603935012566
16	4	3	208.2172821584321	0.5343707478968482	0.36106323466193935
16	4	4	162.72574404702493	0.4710467721855444	0.37671312882947916
16	4	5	131.8448808611833	0.4913229732451631	0.432801184656312
16	4	6	108.0860981163334	0.45338155418759796	0.29860832380051594
16	4	7	91.33743535423196	0.4586038652175274	0.3737505240866379
16	4	8	82.9644484122325	0.45775411477770417	0.5047448863655348
16	4	9	75.30702551523794	0.345950798955928	0.510034049863624
16	4	10	67.94462307546902	0.34427488737306805	0.5078607748481865
17	2	1	2120.5471929225005	NA	-0.05120376184011821
17	2	2	436.91108482763366	0.6916569678412331	0.16982901057434496
17	2	3	218.53886485424556	0.5970006270753834	0.2758188536969799
17	2	4	168.76769017519345	0.5322992366823898	0.24744673092799108
17	2	5	134.31122445302634	0.46253852800909073	0.23016744841813352
17	2	6	110.92271054039945	0.4754291944568527	0.19706140139841644
17	2	7	92.98705798974551	0.4125946970029112	0.3027075551499059
17	2	8	76.78068886747367	0.42183266326461855	0.2505265771700196
17	2	9	68.23238670364249	0.4146415845498483	0.21543870081425354
17	2	10	60.08391912966483	0.4071415467900676	0.1851639423719127
17	3	1	2423.325505277958	NA	-0.07581866529140857
17	3	2	376.72375261465686	0.7345813776567981	0.2701380595358138
17	3	3	221.0862333057911	0.5916829669566492	0.31600134896997467
17	3	4	162.74130158870867	0.49834291782782525	0.28334033146877413
17	3	5	138.12508695935472	0.4973114279193564	0.2419605512603651
17	3	6	117.29595909477774	0.44121974008046966	0.31869496313752244
17	3	7	96.90542197610857	0.4661445880093703	0.3422509228296726
17	3	8	85.53615847772002	0.3569644219795485	0.33857028377677745
17	3	9	75.1712290406886	0.37011793077091054	0.30741509716353166
17	3	10	68.93501521224638	0.368461513717736	0.3087475118391385
17	4	1	1690.9423816000428	NA	-0.05955762492930994
17	4	2	342.94896664258476	0.6821619003030042	0.22851368969157448
17	4	3	185.8626528878319	0.5727456266150138	0.34085684198787725
17	4	4	144.59539053709824	0.4843431282252505	0.3597976670257399
17	4	5	122.88936107871298	0.4062004177659128	0.3843115581416723
17	4	6	102.85087557793736	0.41553211498706205	0.29480593221474294
17	4	7	89.76532494724917	0.4331560966252091	0.4493602154351093
17	4	8	80.3652967479793	0.4504040156008174	0.27560162508981767
17	4	9	76.6559496750583	0.310387577190736	0.4737120993502302
17	4	10	64.687271713555	0.34197640277552577	0.40510643257503043
18	2	1	2867.7048678079896	NA	-0.05423604013918393
18	2	2	619.5258799598766	0.6755409268970491	0.1364392937037202
18	2	3	244.48213203634546	0.6432915177952472	0.29461480875709967
18	2	4	179.42258159262627	0.579054685998362	0.29526139782450755
18	2	5	128.67134704412194	0.5077346349533381	0.3511679771143017
18	2	6	104.09983053137157	0.505524047679185	0.35293866200370827
18	2	7	87.1764622187885	0.41980723898255673	0.34533721765466874
18	2	8	76.08510444252144	0.4175564781022703	0.33828187880827354
18	2	9	65.2350151832474	0.4241374826864867	0.390987301342808
18	2	10	55.64387709513182	0.4352499812335073	0.3326586903276336
18	3	1	1882.1080627722959	NA	-0.004009740156364572
18	3	2	429.4838684757401	0.6590342304272244	0.21743634015101154
18	3	3	212.33416151594253	0.5878916212013612	0.351249137359809
18	3	4	164.92424840119267	0.5079872334634772	0.33827623306355914
18	3	5	136.48110096293965	0.46134051588825736	0.3998283655344639
18	3	6	112.80255535066246	0.46602933302930777	0.3973753348188276
18	3	7	96.03747895956835	0.48040651131135614	0.3891632761115189
18	3	8	85.31435190698413	0.35854440316125674	0.24400997387383416
18	3	9	76.14028922763116	0.3674699150990585	0.46187895905309473
18	3	10	69.06924758660223	0.3676326001903725	0.4404541438412197
18	4	1	1519.3190121493005	NA	0.008157452252143926
18	4	2	319.6650084142045	0.673041293734304	0.27364631134575035
18	4	3	194.75057191241922	0.5317438400045738	0.3426898034258805
18	4	4	149.39748886921777	0.4618955185253303	0.3704822060182673
18	4	5	129.40553246396635	0.430152473863074	0.4027960482366191
18	4	6	110.2280724532366	0.42066167761258455	0.38876925498351556
18	4	7	96.22357974624215	0.43172835504773627	0.3632652901058089
18	4	8	84.78254504809071	0.455485901274639	0.43574686717161093
18	4	9	80.37168073094176	0.32752281953414886	0.4697502263966449
18	4	10	69.07759704331771	0.341273933941071	0.38409216114200895
19	2	1	3367.792167379022	NA	-0.11234681457888751
19	2	2	435.0909680719724	0.7686424342384908	0.2504646237459909
19	2	3	229.89819752607994	0.6168024009575043	0.2795551926231683
19	2	4	177.24011084954415	0.5140751228427864	0.1997161382510111
19	2	5	144.05763936523127	0.49867892592115975	0.23337562613637708
19	2	6	118.34758498645525	0.3964932163110139	0.17117990958137463
19	2	7	98.60457684937666	0.494970126166606	0.27112757800205234
19	2	8	83.74470874175444	0.40409497609791806	0.27319533173235167
19	2	9	70.68690447627573	0.4113809961797088	0.25728378349976433
19	2	10	61.48957051339558	0.42521047000561946	0.2448225315467183
19	3	1	1601.0404595768325	NA	-0.016878459885926844
19	3	2	356.4915700404602	0.6567336502085032	0.21483360369992077
19	3	3	200.5374187046227	0.5509187017605557	0.3069620232639325
19	3	4	156.583361394568	0.495066379042695	0.33201110932808486
19	3	5	129.69626671132153	0.497405313276019	0.33674194175850625
19	3	6	108.93900826707508	0.43343503177032633	0.334466240134335
19	3	7	93.87135068904954	0.45259090210745334	0.3123678962229888
19	3	8	83.49645813025872	0.3439921263868536	0.35219544963981697
19	3	9	74.21602533920546	0.3506867138948219	0.37952365331722815
19	3	10	67.64661557662377	0.3553117456504707	0.28612756524328775
19	4	1	1432.160843693497	NA	-0.019386539050270102
19	4	2	342.5528107155042	0.6501432574287573	0.22633652977361596
19	4	3	201.37960271125138	0.5263874236810174	0.3283372830547755
19	4	4	158.0912358637336	0.4606152750253219	0.328235833155456
19	4	5	129.23507068827118	0.4861594904937485	0.4094646077373745
19	4	6	107.7223044338416	0.4573382934373839	0.38920688515029545
19	4	7	94.85425313476063	0.4058359206918943	0.4639311249522011
19	4	8	85.30303408275768	0.43744271375807026	0.4048988773685629
19	4	9	77.12485022708452	0.338569867793111	0.49574459219165945
19	4	10	70.39851776669245	0.3436258925942919	0.47111161280145364
20	2	1	2578.911304619589	NA	-0.04093127462035362
20	2	2	462.32456997968814	0.7132065192903264	0.23330918853914273
20	2	3	245.8043151585425	0.5967051752072137	0.3139795516223485
20	2	4	195.10005030669907	0.5012388965313861	0.29385703825976517
20	2	5	152.92139539226778	0.5324527027163417	0.2942972008316618
20	2	6	126.90457719410887	0.3995095740839981	0.19907238385121495
20	2	7	110.39466543286781	0.39147226967606963	0.2552521678850046
20	2	8	85.46657375464753	0.4250381341012218	0.19560946118256828
20	2	9	73.96628119569851	0.4323277460056242	0.32376136038324654
20	2	10	62.91372909704087	0.43423833348311364	0.34403243432995234
20	3	1	1620.6634803416043	NA	-0.008800368624395816
20	3	2	352.57144196707384	0.6801414534824283	0.23992122281991968
20	3	3	187.00039692911275	0.5694624436081668	0.357560227740497
20	3	4	141.70857047854474	0.5087446090199398	0.33209268581613394
20	3	5	121.28293036458777	0.47970504218272975	0.3135279186959812
20	3	6	103.6785234508518	0.4194445522385954	0.41005301664975935
20	3	7	86.70174069350854	0.4436133924878672	0.41815781559104037
20	3	8	75.61218553583623	0.3611341021718212	0.4171297117163357
20	3	9	69.75103571103944	0.3570031213512701	0.4073689750831164
20	3	10	62.72442005284254	0.3634760542178375	0.4282718704197839
20	4	1	1328.2084570141692	NA	0.05301331093248507
20	4	2	319.5614404511463	0.6432162999776058	0.26260430183851113
20	4	3	191.86897763741007	0.5207556605532032	0.34745666631833405
20	4	4	154.7901634193529	0.44188859235464817	0.3397090349616141
20	4	5	127.95776392259862	0.4626702220679797	0.39075783691236765
20	4	6	106.2965429787748	0.43650160189204235	0.44645058627730405
20	4	7	93.76707107697466	0.4432451927930964	0.44733682089239
20	4	8	85.82784299632002	0.31581725026741964	0.37912977824308536
20	4	9	74.72547222510467	0.3357677911018984	0.4536940942432328
20	4	10	71.12998150604088	0.32668866283360903	0.4818829603994219
21	2	1	2187.286406477462	NA	-0.02376513555323445
21	2	2	482.29929935286896	0.6628716232346273	0.11522075981975899
21	2	3	225.08207299636317	0.6023669760703572	0.19887178522697901
21	2	4	177.9885494540589	0.5313946064000816	0.13011044967285823
21	2	5	149.48270782929853	0.46097748553979145	0.13680956695683388
21	2	6	123.57764173367832	0.38145075294684627	0.14813172185778356
21	2	7	101.85231593151472	0.3967941554564593	0.16188238524514187
21	2	8	86.50030227359932	0.3919750022780197	0.15556546489322987
21	2	9	72.06298512461672	0.4276722278991217	0.14028489158495017
21	2	10	63.73351603034548	0.43242309866628953	0.20908596117838973
21	3	1	1564.5800600744346	NA	-0.032025729876883346
21	3	2	384.2250353884965	0.6441823317424037	0.15053751757919542
21	3	3	192.55319056138495	0.56877517307811	0.2839855078987892
21	3	4	155.17600270538276	0.5060933615136591	0.24994472729737627
21	3	5	130.8814449169158	0.47775426702272383	0.26959294913124143
21	3	6	108.90936176018307	0.5007264065494352	0.2592072487641972
21	3	7	92.87488054831086	0.47213793150641964	0.33022448327108167
21	3	8	81.98932689455914	0.34895591958210925	0.3561953302626404
21	3	9	72.90138503937575	0.35736995451941544	0.23083054306938777
21	3	10	64.81731804712872	0.3636181789451123	0.3936319825730501
21	4	1	1976.9769516504068	NA	-0.06354529591884983
21	4	2	368.4989090682357	0.7069112377478495	0.25152201328059753
21	4	3	189.18308012153904	0.5877184796897538	0.3783793097100068
21	4	4	154.98156240327472	0.4960536636328613	0.36942012876979646
21	4	5	130.53029935416998	0.40955525398270487	0.3481733984046258
21	4	6	108.59839410310815	0.42915445969700905	0.45825650814287044
21	4	7	89.08408248380107	0.4478324971882929	0.30635619125611235
21	4	8	81.208807356419	0.33922896463597113	0.48835918208814943
21	4	9	75.03142127268616	0.3349781383468632	0.2647163369873091
21	4	10	68.4151619268629	0.33584772732716794	0.44315734294349607
22	2	1	2669.8663770476314	NA	-0.0711417857262191
22	2	2	550.6352589265391	0.6675894136811694	0.15622555536074056
22	2	3	239.01971360982574	0.6328275739503668	0.2891593756646982
22	2	4	184.31970065109323	0.5495167841966666	0.2871992760555395
22	2	5	142.09344136081225	0.48475112814118654	0.26685414786052597
22	2	6	104.50218049470035	0.5189202871909776	0.3625233493173927
22	2	7	87.19256860541047	0.4334028611803526	0.28059675836728637
22	2	8	75.84039680955735	0.43989052208615553	0.37625643385654106
22	2	9	66.1464178254851	0.44270092622742413	0.25438863172820403
22	2	10	57.37963580882139	0.4492847416598437	0.1843855386482205
22	3	1	1674.8701399827214	NA	-0.021793283045494327
22	3	2	414.876971037544	0.6429684921349963	0.20322644563287007
22	3	3	188.15396155124614	0.5985764733803768	0.3910051221873019
22	3	4	154.24796679458572	0.526894146733085	0.365442199203299
22	3	5	130.70685216539601	0.43636097856614925	0.35238405460563094
22	3	6	112.79728781163061	0.43008326768475946	0.3216503196195899
22	3	7	97.6931446599563	0.43274270668914094	0.37248084916595925
22	3	8	85.63055449840425	0.34415403985134707	0.27988940732417733
22	3	9	76.6623496127622	0.3554333139333725	0.342078080812787
22	3	10	68.29810701707109	0.3605313521533995	0.4047942772659341
22	4	1	1518.1776376112355	NA	0.019994948719987526
22	4	2	347.49097091720694	0.664136005377602	0.2898578056953216
22	4	3	190.16228807832948	0.553093713533786	0.4255198411793524
22	4	4	157.46858458001512	0.4635439939303109	0.426801725622008
22	4	5	130.52916317373783	0.4423073025834637	0.48230590742982127
22	4	6	106.08530201883734	0.4755180219246016	0.4651150976361458
22	4	7	90.62271691301856	0.43840660719510566	0.46756370881019516
22	4	8	81.74656015708577	0.3427777251696746	0.5157470151656334
22	4	9	76.3009142059636	0.33815663316165584	0.563158215510219
22	4	10	67.1440029332749	0.34081351327756354	0.5613241141206884
23	2	1	2857.7415471164877	NA	-0.0385864940212608
23	2	2	552.0851319489518	0.6984478995567966	0.1864330975115207
23	2	3	252.86070487408213	0.6278360329082536	0.29805556100180297
23	2	4	161.81034942057408	0.5960797388300016	0.23261958603895572
23	2	5	136.25121736820472	0.5438671760593677	0.19973979363553962
23	2	6	111.27330686976813	0.5375277271619264	0.3566995970300213
23	2	7	93.99214954268567	0.44026422141693744	0.3441188610788277
23	2	8	77.32187647735748	0.42568958470869905	0.31685087086111796
23	2	9	64.31509361609393	0.435251336734707	0.3140907322742721
23	2	10	55.32508716269394	0.45254920889019373	0.3486460943502405
23	3	1	1831.952279485439	NA	-0.024139599927316624
23	3	2	404.1378747840747	0.6699845406606391	0.1828469915493649
23	3	3	199.6289110694815	0.5793413349633478	0.3113932309372762
23	3	4	164.48159773790383	0.5088726875289287	0.2712985287573515
23	3	5	134.8388502426541	0.519247709999942	0.2533370547706246
23	3	6	114.06308195034059	0.5071469228609484	0.29785997657938834
23	3	7	95.91858185354124	0.4347641818833493	0.32479844104518074
23	3	8	85.8552299574032	0.35041121564792255	0.3423349304865728
23	3	9	77.31197572126273	0.3480354525377325	0.3330680743503227
23	3	10	69.86996034249293	0.34671499947312834	0.4031582088624015
23	4	1	1390.5108001069284	NA	0.010272300921442934
23	4	2	356.4128586131071	0.6355067216907789	0.2668952173513466
23	4	3	186.30434615754243	0.5612815204698199	0.4375524665424715
23	4	4	155.63896298350926	0.4709688663917249	0.4092046768359925
23	4	5	129.28253399311234	0.4841128798622145	0.425132327750966
23	4	6	107.77832755672758	0.44948145716939003	0.4509965976488055
23	4	7	90.24993874846768	0.4637781425257454	0.365227435553404
23	4	8	81.64308677694432	0.46844781785588907	0.39753838005082587
23	4	9	73.50572757959971	0.3377890584128334	0.38864068321857115
23	4	10	68.69624953394397	0.3336203093026597	0.47390303950461554
24	2	1	2865.806065299614	NA	-0.04384008766451686
24	2	2	646.9686175209777	0.6645165836006944	0.13097367103354962
24	2	3	251.6823233739728	0.6383349829456301	0.307469745748679
24	2	4	186.63265482747843	0.5873705997842893	0.2806078786049202
24	2	5	141.92960852715564	0.4939758491424365	0.34983083321251707
24	2	6	118.1756466615691	0.5059380744799031	0.3461243924952382
24	2	7	100.1029539639127	0.41595071986649057	0.3182984961512938
24	2	8	84.84670589862804	0.4382487308743691	0.33153457863465263
24	2	9	69.80071132787263	0.45293528030408386	0.2876910526542007
24	2	10	59.10954274961334	0.4617494927556647	0.2879945556349228
24	3	1	1542.7088231960297	NA	-0.04534329058410158
24	3	2	343.95621556805423	0.66917369226149	0.1679966365936192
24	3	3	203.71467365215383	0.5323102261069638	0.2353106296464862
24	3	4	166.49361640747978	0.4474846231186873	0.23306253612423689
24	3	5	137.71021984924266	0.47185198603684203	0.2708545127339308
24	3	6	110.32662852738413	0.4687186510471714	0.2682020377896692
24	3	7	92.2381075795476	0.45774220242243646	0.32783503723039775
24	3	8	81.424488568169	0.36432742168085663	0.24502758409564462
24	3	9	71.72530673921857	0.3690757562605421	0.3579287256056296
24	3	10	64.86864922925147	0.3649819299657615	0.24320235637843224
24	4	1	1371.3631119337647	NA	9.220650774999228e-4
24	4	2	327.9695090400967	0.6493576814517952	0.2272984438466814
24	4	3	176.36316567097572	0.5486166897098337	0.36189643077379063
24	4	4	143.32757977705236	0.47866563961496794	0.339031141986311
24	4	5	122.41833021046939	0.4536815965110406	0.4086031370935186
24	4	6	103.34362583998067	0.46874235354245297	0.409658376861441
24	4	7	90.20686242062831	0.34237468279342353	0.4723357124670491
24	4	8	82.39257506761784	0.347946880119473	0.4317150961240852
24	4	9	75.30954879283436	0.3281897407044844	0.4937670120772695
24	4	10	68.66835552498142	0.32961109913971487	0.48246362013684996
25	2	1	3331.6308968064145	NA	-0.10836902963236472
25	2	2	565.2251119996234	0.7230313030586704	0.1844020396408368
25	2	3	267.1193399270086	0.6364421292960687	0.028968473357347868
25	2	4	196.04791780914255	0.553430538605675	0.30267302225847104
25	2	5	152.25944475480327	0.5791839384030424	0.24263763405055805
25	2	6	118.56956987171762	0.5159653433354118	0.30828417990570145
25	2	7	100.51001310000485	0.4208821073821972	0.27044639735808973
25	2	8	90.76265725201306	0.4160235420971631	0.3569969725047608
25	2	9	76.91679287194097	0.42181333238014995	0.189571787641992
25	2	10	68.4310752873121	0.4224160517696673	0.33177268997707854
25	3	1	1738.4478828290628	NA	-0.06277239936271695
25	3	2	317.90611680229097	0.7118854306595763	0.2518248858924448
25	3	3	182.08777777701732	0.5613168159379246	0.3329715274519378
25	3	4	150.1504452272427	0.4684802442677788	0.060253558442349586
25	3	5	123.035961354935	0.4567873294493629	0.34560607884115724
25	3	6	101.88631868194604	0.474407240390442	0.3195610544859422
25	3	7	86.65855230317808	0.3665303426151751	0.2787442912939735
25	3	8	76.91282576021688	0.36537144203309446	0.40110654154206715
25	3	9	70.00330290760702	0.36688245976647915	0.4102568423516142
25	3	10	65.08184252925747	0.36093768321537617	0.34578526369471074
25	4	1	1492.3139728089084	NA	-0.01833604559828217
25	4	2	358.07787926149126	0.6485018154097256	0.22065629291853828
25	4	3	188.16606745572577	0.5610389781087118	0.36233393826598004
25	4	4	155.26340615672916	0.47279857132033887	0.3523675297305724
25	4	5	132.0282628357668	0.4723632867420413	0.39259602897401713
25	4	6	115.14132740358193	0.4741964801940029	0.3085362088266246
25	4	7	94.3652540311324	0.44837864043291215	0.46657841835924074
25	4	8	84.52830324206488	0.4630029599585422	0.41404752112185594
25	4	9	76.1360645608248	0.4047681388891024	0.49436697047791744
25	4	10	69.2643905542591	0.33781123166426685	0.5002882042676422
26	2	1	3311.9971138590445	NA	-0.059802083064488976
26	2	2	588.3436075985153	0.7147659024290818	0.19760647600919246
26	2	3	254.06763584053954	0.6510751912808861	0.3264128977692069
26	2	4	182.92603874868612	0.5863583159556344	0.26326354619438064
26	2	5	153.794581135617	0.43284451306279503	0.3144400013055417
26	2	6	118.59787224276499	0.5071433362927671	0.3426218146050366
26	2	7	95.09097089859941	0.5299585690030069	0.2786629195269259
26	2	8	76.17902824437147	0.45940468208742047	0.38999937705316245
26	2	9	64.06032603215857	0.4621034345495299	0.44885668449770044
26	2	10	55.359661880115354	0.47465889236721376	0.18463452306043715
26	3	1	1429.7888140604832	NA	0.031081348090052252
26	3	2	388.7122270752245	0.6377497020447609	0.23193357965912842
26	3	3	193.92764271792743	0.5687271816315935	0.4000291985704916
26	3	4	145.74273900364003	0.5271169882075404	0.3856762446838866
26	3	5	122.25209481863563	0.42516149670743225	0.36249210617224126
26	3	6	107.21821622467905	0.4182700038083522	0.36828210374024506
26	3	7	95.24559598736131	0.3409842427840606	0.4581431521464081
26	3	8	79.90337342904067	0.36451266482100997	0.46221395584869107
26	3	9	71.27026334382526	0.3598039966714849	0.48044821765635826
26	3	10	66.28398203179614	0.35281445607754847	0.5027176030455398
26	4	1	1323.8823268516808	NA	0.02130342462627066
26	4	2	338.3980352765025	0.6303181507186875	0.20816811554986447
26	4	3	192.92288070981255	0.5248675558861091	0.31477454975939345
26	4	4	153.27651425033417	0.4615913147863686	0.29670137592380463
26	4	5	129.29514515011522	0.4830800102921268	0.3209306220414616
26	4	6	106.74209170466833	0.470049546011014	0.3943017145614127
26	4	7	92.50892141464216	0.41456844329643444	0.33330311174891003
26	4	8	82.63181522551564	0.4143181297048118	0.3695585053618591
26	4	9	75.70220565709087	0.3251290260591262	0.36326909402693897
26	4	10	68.63708557858378	0.33054827413533905	0.23898040774931406
27	2	1	3538.4146403266027	NA	-0.08201559590299112
27	2	2	600.6968237223915	0.7282045686386411	0.21938794242221604
27	2	3	235.5079035644435	0.6694838017108042	0.3866274155025984
27	2	4	180.1206152721688	0.5904732579115748	0.35354557327424896
27	2	5	140.19848439113935	0.49114868434264747	0.326218036672163
27	2	6	119.02285864543666	0.5040074749611435	0.39743819184348084
27	2	7	100.91601781271541	0.5023836338611071	0.27079044107881156
27	2	8	84.97456955455978	0.41782577605504023	0.2238617828744638
27	2	9	72.33031665579527	0.4225653995804768	0.43334423411071743
27	2	10	64.64581058923493	0.41521746830384787	0.36475102520219016
27	3	1	1695.2604029344961	NA	-0.07675010068485832
27	3	2	370.57074982939275	0.6671649302188823	0.12450684157257275
27	3	3	197.1009860356093	0.5725048651551045	0.21039182880288543
27	3	4	158.01353996435938	0.48830195349163064	0.20383306033964388
27	3	5	131.75827427015022	0.5084717189980491	0.19610277183976432
27	3	6	114.9174830293798	0.41874750800667393	0.18502499323018773
27	3	7	91.76518224721019	0.4723902018697555	0.21231945258463014
27	3	8	80.60908644695152	0.36069735344396636	0.3153706101243765
27	3	9	72.19262620277526	0.3680566321673969	0.2793200194484746
27	3	10	65.36804901437579	0.3711277908129839	0.26055452317257544
27	4	1	1437.204590711177	NA	0.03396711514745565
27	4	2	326.5050972959524	0.6557526108982779	0.26834578403325615
27	4	3	199.05291110408433	0.5236537079982247	0.34508685330952016
27	4	4	156.39955936999687	0.4511995880027401	0.3715185613080214
27	4	5	131.13139675700205	0.47314662309286315	0.3938267831570279
27	4	6	113.03599115815669	0.40876544747063964	0.3894553013228963
27	4	7	95.956994246447607	0.44062994474324596	0.4108045723330833
27	4	8	86.78038151677302	0.3339050334835434	0.44086975656903205
27	4	9	77.46556110231288	0.3410105398666721	0.3940625879430768
27	4	10	71.65775735340561	0.3335138984330166	0.4342871516522875
28	2	1	1996.0290787179058	NA	0.02805551232025305
28	2	2	478.6020510844228	0.6627100217926987	0.22578497232992856
28	2	3	211.79590512773402	0.6101447958992067	0.40136954235623623
28	2	4	169.73533587391447	0.5369148276840225	0.37291773554476304
28	2	5	140.62429942891094	0.44947275223315286	0.3728355574939921
28	2	6	115.96548551692835	0.4700240237269691	0.3220168225695148
28	2	7	96.32679184659888	0.4973238158137849	0.3734432007811064
28	2	8	80.29687974750732	0.40878725428703	0.38703472031065056
28	2	9	67.59636585210643	0.4271199119248237	0.3189191856522138
28	2	10	57.245631453384426	0.44008457930206035	0.3903807613230734
28	3	1	1547.6519354843217	NA	0.004740570192469207
28	3	2	326.2794729195902	0.6882840836535535	0.2500622132822823
28	3	3	177.96342447918892	0.5560487598175425	0.35135936833336157
28	3	4	145.03216632823813	0.4750854260417699	0.36286839223314526
28	3	5	117.29326367332226	0.46979208127633865	0.36201787388312345
28	3	6	100.1794667587177	0.4859113289661664	0.3300447979651344
28	3	7	87.51235129088496	0.3635136227658495	0.36229654485839013
28	3	8	76.10518872506337	0.37031419637069996	0.44412393434736064
28	3	9	69.55735462303946	0.36624644878908086	0.2694039053382178
28	3	10	64.2925378892537	0.35698496848638095	0.44747979636790136
28	4	1	1889.0389022326979	NA	-0.0644874276064975
28	4	2	343.706582760047	0.7045627068685825	0.266062334668268
28	4	3	193.02784457651165	0.5739054776823145	0.3580099377475925
28	4	4	161.48889892026386	0.45970907397776656	0.3507614309744129
28	4	5	132.57029793021817	0.4776729723173845	0.38284911523868903
28	4	6	109.38578348388627	0.43634519186355747	0.39073763146424945
28	4	7	91.32954182710274	0.45263125343560956	0.3682084667993064
28	4	8	81.97904288314963	0.46032869696945367	0.5018671093732987
28	4	9	75.3178462410117	0.3291438821780276	0.49619983918193
28	4	10	68.34113219785655	0.3348958593063517	0.27113767787398446
29	2	1	2010.0587220939397	NA	0.0081111256779689
29	2	2	401.45406764141575	0.6958082019212587	0.21794212688023062
29	2	3	217.9670143573778	0.5737397075318799	0.28505838599404765
29	2	4	170.63967798663856	0.49863965924707904	0.2525976792845599
29	2	5	142.22497793267385	0.5134398465637613	0.26728913745496197
29	2	6	113.12568487167982	0.5032796533145774	0.2745648991167817
29	2	7	91.87162634864552	0.40446039215746826	0.25922539044917725
29	2	8	75.28261151709613	0.42427893824116725	0.3229237132916527
29	2	9	66.23609614846892	0.4205191206257811	0.2160176369099851
29	2	10	56.262678226562706	0.42368229958564324	0.3326366119809374
29	3	1	1290.5304215446456	NA	0.03950510955737574
29	3	2	344.77632160231934	0.6206131598111749	0.2340328990858893
29	3	3	211.33447295407953	0.5098541829634275	0.3196614023467461
29	3	4	164.97933005975258	0.4791800601314188	0.30746962945466816
29	3	5	133.6529802845319	0.45791824435150497	0.27838057749776457
29	3	6	112.20833358479075	0.4416538624174601	0.33473443100437716
29	3	7	96.83436776749485	0.4554154910009685	0.39046665508914513
29	3	8	85.2417456511208	0.35826865358786153	0.41032881491433626
29	3	9	74.96021086168112	0.3633559626714545	0.3724834331892031
29	3	10	67.5007162873057	0.3667110133725329	0.44122846732882337
29	4	1	1524.010334624281	NA	-0.03188655149087971
29	4	2	363.0916997295147	0.6616391762735946	0.2496633434377351
29	4	3	171.21933614980458	0.5925941256186062	0.44427559788522597
29	4	4	142.11998182009117	0.5049993689581384	0.4329017381723199
29	4	5	123.34311513850473	0.47569043348128126	0.48750689449959417
29	4	6	103.81319938896374	0.49688803095303097	0.47870560493491876
29	4	7	94.72864044455021	0.5109326452731339	0.43544168152424323
29	4	8	81.0957520517725	0.3174449246468841	0.4710706466587462
29	4	9	73.175754863889	0.326897882292104	0.4905747219843719
29	4	10	67.02229646069964	0.31938327182741955	0.4748459984525151
30	2	1	3345.3116232032844	NA	-0.055115357821640565
30	2	2	604.3920706483898	0.7109257849782651	0.20288862266110375
30	2	3	244.41985768680746	0.6658529071316718	0.35460480369884895
30	2	4	184.80769459878394	0.5719718814034533	0.296914282699392
30	2	5	153.12288952526265	0.42184539746033334	0.3490059606478466
30	2	6	124.07993767534913	0.4367306481145838	0.33707667391208984
30	2	7	105.80297872070668	0.4560597036115076	0.32264147581139113
30	2	8	90.4955732453093	0.4188488392093618	0.31874878493275993
30	2	9	76.24543477022634	0.41670768107389333	0.3530921599013528
30	2	10	65.0766767056898	0.42526973012708275	0.39744813232367093
30	3	1	1644.783625541106	NA	-0.04220186318811692
30	3	2	382.1872857071664	0.657715176620503	0.16118238951058572
30	3	3	182.12001633916884	0.5839217005287269	0.2971730734915914
30	3	4	147.56906704810248	0.5013536900990769	0.28009971093802744
30	3	5	124.74111443994713	0.39564137353311996	0.2573924388790729
30	3	6	102.44941593877456	0.42020983369248194	0.23865926743496235
30	3	7	90.50508621726642	0.34396863001473565	0.3454741227159679
30	3	8	80.24888766179885	0.35582041957349275	0.18985058209122974
30	3	9	74.74279888029025	0.33375315317496745	0.3610646433036133
30	3	10	65.95579974837327	0.3468135506564112	0.36781359925963475
30	4	1	1511.1460372535532	NA	-0.056950394147344596
30	4	2	309.5841042229395	0.6898903161885431	0.21869326677926182
30	4	3	170.31294973006004	0.5568086821706612	0.3279017742728465
30	4	4	140.96266890722185	0.4688835458253607	0.2901381893349191
30	4	5	122.55845542708975	0.45482227633739025	0.27442913968937077
30	4	6	105.10240820250696	0.32860464948941026	0.35471514728522413
30	4	7	87.19027444913601	0.4043553090261538	0.3151403041915839
30	4	8	78.4856644490944	0.3335276948435837	0.4239131808882761
30	4	9	73.54511929961527	0.3245895562361855	0.4363840688790277
30	4	10	66.50047384190354	0.32670222402681587	0.43003966302622043
31	2	1	2962.499896825215	NA	-0.09213295229372598
31	2	2	602.6885074332325	0.6939330056810709	0.17087896867583918
31	2	3	223.3994156818281	0.6716954973656466	0.4102194159964334
31	2	4	174.5925596547382	0.5850017000479655	0.3800849358122038
31	2	5	145.93523438009376	0.5958502837405522	0.3883362031025843
31	2	6	118.35084974664298	0.43053792783442957	0.3327453088701007
31	2	7	96.51295652886897	0.42499209353248313	0.2201395778141304
31	2	8	81.30952214213613	0.4255245928699671	0.32307926843147783
31	2	9	72.66581518027394	0.42033176778817727	0.2391967902450709
31	2	10	62.46186234098822	0.42436906687714976	0.3980290220344198
31	3	1	1698.853511153713	NA	-0.07715548019913765
31	3	2	382.21991352295396	0.6651280104474196	0.1487815140994755
31	3	3	191.34334540098848	0.586130287337125	0.2750149366374428
31	3	4	153.47736483049852	0.49706740488188816	0.2484826526844266
31	3	5	127.81592535832871	0.5169940606449873	0.22890098181118201
31	3	6	107.89943333068526	0.41432453110606643	0.2060946826378176
31	3	7	96.4826211866211	0.3352334200357635	0.3020446740654985
31	3	8	81.52728612259577	0.34898627909602853	0.2854388561054333
31	3	9	73.3318754353116	0.34766259367070335	0.2099153809100729
31	3	10	65.47943475421408	0.36394728253636066	0.26813475717024726
31	4	1	1854.2798638764054	NA	-0.05355872076016066
31	4	2	339.8052579762701	0.7172528528277174	0.3121218597946367
31	4	3	172.39436774647112	0.599157809753379	0.4689156412935107
31	4	4	139.70096181807747	0.5044637447319767	0.4575422692682931
31	4	5	116.65538387148023	0.4855068649099427	0.5014791065258666
31	4	6	99.57582667832102	0.5004980434366888	0.5131157720259676
31	4	7	86.01917597870222	0.4125823117584881	0.514940342468202
31	4	8	76.79254896470553	0.3448877621980249	0.4760534971545818
31	4	9	70.64865975304167	0.34431181381236287	0.5220792854713703
31	4	10	65.1618244764764	0.33300829876341925	0.5848875519881758
32	2	1	2077.716204071235	NA	0.010733540164213018
32	2	2	419.0809566183094	0.6985774681311565	0.25427575686054826
32	2	3	209.67054638217977	0.5968082370845986	0.1460213592437407
32	2	4	154.92636897832426	0.5328687246729896	0.34610360106704174
32	2	5	123.95088006023614	0.4477945437109232	0.3963262203449065
32	2	6	105.72663503680324	0.407431064444533	0.2774969114040129
32	2	7	90.09154011938824	0.3963995580245137	0.213155998386243
32	2	8	78.6289052927748	0.4079781276618453	0.2872215650788763
32	2	9	68.07229991976799	0.4092923354852649	0.1540989434766411
32	2	10	56.918236007440434	0.41262170082603555	0.39673047384984583
32	3	1	1868.4338314152128	NA	-0.06937955943871987
32	3	2	429.4799857136006	0.6560722850097832	0.13710144414574366
32	3	3	195.74025687649257	0.602524880021921	0.2972725276261725
32	3	4	160.77529354732593	0.5251870256481213	0.2575363066698051
32	3	5	136.09415326586995	0.5060783071885058	0.3065202258555475
32	3	6	115.38555903647001	0.517308673753719	0.33895474023205807
32	3	7	93.72017136370545	0.4503886778437356	0.33699985331471805
32	3	8	83.76632457658849	0.3600930097895582	0.31840366200748704
32	3	9	74.68784731007936	0.36122561375322665	0.405286880959689
32	3	10	67.9589438162481	0.3636004410092692	0.28508262886115787
32	4	1	1386.7960378410146	NA	-0.04131689641342362
32	4	2	299.21034226005764	0.667251886337722	0.19594486118252608
32	4	3	186.56193035605594	0.5252578609477234	0.24710432305515706
32	4	4	144.17488371652553	0.4512943977657738	0.2360319273873417
32	4	5	124.44074847040916	0.45823679779248855	0.3046393760483568
32	4	6	104.99192967817802	0.40877203824971203	0.2268088226190459
32	4	7	89.95438813701233	0.43025643483797316	0.21728394181762756
32	4	8	81.2253676694078	0.33340378400911264	0.3011696110592501
32	4	9	73.45446838462927	0.34296564993395856	0.32918219139677074
32	4	10	67.37711060937939	0.34143214982331765	0.4137186903749712
33	2	1	3097.5052615439367	NA	-0.041842616357699924
33	2	2	601.6381438793912	0.6986219896659971	0.21861945804242655
33	2	3	241.10179019513973	0.6589920408782186	0.3916208754216477
33	2	4	185.09108856529687	0.5914468024966606	0.3716119216802687
33	2	5	147.99247836682787	0.5784354606842967	0.336427340182043
33	2	6	114.3816669909962	0.5073196907357223	0.3910186515429568
33	2	7	95.27391811851513	0.5197997316533215	0.3668683917450757
33	2	8	79.14553306021632	0.4277855829348596	0.40678265236632827
33	2	9	66.8492833134416	0.43327067770209726	0.47269729940939875
33	2	10	57.786517517137774	0.43913404644999926	0.39669112538315776
33	3	1	1742.7226840621668	NA	-0.02710163689009537
33	3	2	364.88932141910146	0.6850873133720764	0.2511274935480685
33	3	3	195.81598159472372	0.5769999728537502	0.3673462200275015
33	3	4	161.07481117581864	0.49162500429891576	0.3393480572564789
33	3	5	132.17541784241453	0.4989226456006783	0.33699986524740044
33	3	6	112.11241363271459	0.5045169018793153	0.39593525230599935
33	3	7	95.78395260008487	0.37498575965501013	0.42066287582658557
33	3	8	81.46179557211573	0.35615602658020673	0.37142029452500047
33	3	9	73.68659101510409	0.36518976378861717	0.45715692958819876
33	3	10	64.80454948029812	0.36068060848886657	0.4472484372927741
33	4	1	1402.9791476813814	NA	-0.001289290305260593
33	4	2	330.10303378559036	0.6551750158306978	0.20869301950122487
33	4	3	181.73696263475057	0.5431911728959634	0.312278692576367
33	4	4	148.05300082171362	0.46512168473879034	0.30687652355138173
33	4	5	125.31872258964874	0.43505437432218863	0.3616832225489617
33	4	6	103.80304615236894	0.4604400843651743	0.358383381490913
33	4	7	89.75691635278689	0.4079394927567439	0.2875912836853636
33	4	8	81.40802207078572	0.4116782961295074	0.3717454380796905
33	4	9	73.61456711109494	0.3348320367316985	0.3574319519625422
33	4	10	68.55846882429361	0.3252411102596246	0.4333436742280714
34	2	1	4235.852767022083	NA	-0.10085139336342319
34	2	2	661.7471059855238	0.7556551325809799	0.2738298805229311
34	2	3	221.60919847696027	0.7022183247389898	0.5232904908729834
34	2	4	167.57800401552183	0.6129988178328143	0.5342238493753548
34	2	5	131.16477118941066	0.5180514487786789	0.4797910472116804
34	2	6	105.43484806462635	0.43371393250862694	0.5586138910498275
34	2	7	89.09292026296423	0.43936834967719246	0.43687102342308126
34	2	8	75.24397420984587	0.43325354931495114	0.5611193558340304
34	2	9	65.08943202318468	0.43257466592967647	0.5868437595518592
34	2	10	55.194407208254766	0.45260156796524703	0.49818400716693967
34	3	1	2020.1884022864117	NA	-0.04195219318805066
34	3	2	372.91224617682934	0.7042989005279036	0.2655618584575379
34	3	3	201.1981054774112	0.5829734007895594	0.36446567137878105
34	3	4	163.5294598124166	0.49364983969907705	0.3445795607817157
34	3	5	136.22939074280774	0.42353375844513325	0.35386536117882006
34	3	6	111.77095134956228	0.4391073098911932	0.2925204117853033
34	3	7	91.29490373058522	0.4573212693011068	0.40294445938170353
34	3	8	80.83422906304776	0.3584899813854735	0.4518720432554306
34	3	9	71.58750633775978	0.36374381442441095	0.2790102703976749
34	3	10	64.26067873260513	0.36171524028624646	0.3516433257960534
34	4	1	1550.756998001603	NA	0.004101446352801297
34	4	2	320.8799434157321	0.6777257204268812	0.2664605760465104
34	4	3	209.64290995299348	0.5149948406021568	0.3060901178046702
34	4	4	158.1746835008634	0.4537403621469942	0.32797328633879985
34	4	5	131.20356278945528	0.4581403582002817	0.375962769442705
34	4	6	107.90682112419674	0.44847974908999755	0.36835930543226914
34	4	7	94.153569443181	0.4628647846397679	0.4287887175051681
34	4	8	86.09163560536629	0.33562848808454876	0.35893804538823426
34	4	9	76.37024759531339	0.34238376445451496	0.3871787710875898
34	4	10	68.68175047978498	0.34877737394987335	0.4719071889041757
35	2	1	2506.3424447799475	NA	-0.011098355701984808
35	2	2	510.4766180019386	0.6884690105776562	0.19391936302920776
35	2	3	234.7640812714154	0.6173248960566041	0.04649429951346473
35	2	4	179.27585880038572	0.5451092083741178	0.26892070737660756
35	2	5	143.50962449597648	0.47194780888268834	0.28651453313338315
35	2	6	112.25181903569138	0.5013219229627568	0.30452030845914413
35	2	7	90.80319158692444	0.5294926776021048	0.24728610987391964
35	2	8	74.68749385180021	0.4425952102853623	0.10558588521320322
35	2	9	65.10637139277286	0.4492386835957486	0.34217071614100414
35	2	10	57.857549109563905	0.4422808255463787	0.29280861955654824
35	3	1	1772.038652031573	NA	-0.00530854504161038
35	3	2	350.6664144766102	0.6885658611729444	0.27638427593389636
35	3	3	205.51045600862403	0.5620317671378443	0.35526422652324463
35	3	4	152.044260906928	0.4917457346427229	0.39150286041284055
35	3	5	128.7547129993003	0.49973757748113395	0.31941627974313036
35	3	6	108.41983783205579	0.4369245584959017	0.43434411468720135
35	3	7	96.9869048300406	0.343940394994512	0.3595667256730626
35	3	8	84.00614671280016	0.35646845938285915	0.405816021626646
35	3	9	73.61452616460397	0.3681168859713507	0.43452886906248134
35	3	10	66.99548792951262	0.36051203680488275	0.47462817899525334
35	4	1	1975.1776852140924	NA	-0.05119782935781547
35	4	2	310.40974783884775	0.7351074948455367	0.35761170058355596
35	4	3	191.862603788787	0.5673714768674386	0.4330472282995519
35	4	4	152.35716224723382	0.45988064265720807	0.44188488769915946
35	4	5	125.82960515853111	0.4823673204039665	0.4175720572573045
35	4	6	103.77372469569251	0.42389624562016753	0.40194009839182243
35	4	7	89.39798456841659	0.43380150257930195	0.43784923469717985
35	4	8	80.36061223378063	0.34419779553659846	0.5273780312100764
35	4	9	71.80824355731389	0.3529708335562965	0.541501149433337
35	4	10	65.46294315112613	0.35004054094548465	0.4220563633247152
36	2	1	2138.4928169198884	NA	-5.347611877839498e-4
36	2	2	422.01527614627355	0.6946737541235759	0.256752222686333
36	2	3	216.0106666099947	0.5944472147173493	0.36407060047231266
36	2	4	174.01430524579698	0.5010852190624748	0.3242414788003085
36	2	5	147.39602836119798	0.516358941654818	0.2880221200440145
36	2	6	121.633901508886	0.41119104623130304	0.24342017800835425
36	2	7	96.8307661209692	0.5020159707368428	0.2823330691558543
36	2	8	78.33883348519024	0.4290771129552948	0.36796688189679605
36	2	9	68.67809197960187	0.42664326011356796	0.2781771529202217
36	2	10	60.36016884169941	0.4333974092248635	0.2525031983111874
36	3	1	1559.465368902688	NA	-0.036745855996485055
36	3	2	362.7027765094026	0.654792918687323	0.16972048553343733
36	3	3	189.18041491721556	0.5697180102688657	0.2888711030886526
36	3	4	153.9769590537	0.4876432203880345	0.2627811673823306
36	3	5	125.19119301072801	0.48542168655434015	0.27040166690920575
36	3	6	105.6907618461885	0.4638165612197281	0.2981757017589417
36	3	7	94.80670512639905	0.4204776405920121	0.27161816215964985
36	3	8	82.62041851076982	0.34513058491134635	0.3379538210196684
36	3	9	76.35540872939887	0.3412188976225415	0.26845942108691956
36	3	10	67.71163689558412	0.35499671415286455	0.351357705516508
36	4	1	1371.5704865069267	NA	0.011224977296247829
36	4	2	331.7196452299275	0.643199454762083	0.26569670954928615
36	4	3	184.29401034374695	0.540644364903336	0.19726706295739316
36	4	4	154.77441962865348	0.4671000145393805	0.4122443721962199
36	4	5	133.4420283079441	0.4440549388434023	0.43425158300620703
36	4	6	112.38021905648324	0.4239244048417261	0.4133879926690569
36	4	7	94.39408768867371	0.4340726690810178	0.3900746309905201
36	4	8	83.75628993684259	0.46150120337926204	0.46108327803694715
36	4	9	76.06727809429616	0.3427016316725913	0.5136632038522242
36	4	10	70.35271444966497	0.34320349693789104	0.5424688577365986
37	2	1	2757.1369466770675	NA	-0.05162031915142773
37	2	2	520.5716434570235	0.6986578999621564	0.1464086405009466
37	2	3	249.00865710266277	0.6189970270321644	0.2066040285083437
37	2	4	161.17002215650686	0.5815206417249021	0.14668193816110264
37	2	5	126.42623324249806	0.4841707880695544	0.2470028956877055
37	2	6	105.13396850000099	0.45683115280320596	0.25393564667716273
37	2	7	87.99453716664458	0.4657873094763713	0.2507712635809751
37	2	8	71.8345306200017	0.42454215949995167	0.22809165989309577
37	2	9	61.24003479973016	0.4172521285050331	0.19049981854721532
37	2	10	54.19669672634152	0.4130858521024604	0.31858788722144515
37	3	1	1833.755027063441	NA	-0.009772235602071966
37	3	2	372.3860386780481	0.6868019641189548	0.23678920353918276
37	3	3	194.54666814433577	0.578419553273655	0.3438949883471425
37	3	4	153.40521554332392	0.5114650402714126	0.29563031604826584
37	3	5	130.2759498176038	0.4896686514991403	0.2970514327843583
37	3	6	111.50064996560744	0.37115033520715096	0.41351045864073743
37	3	7	95.04225802754765	0.37432757061292676	0.4120290246421172
37	3	8	79.90885459159192	0.36725348548658204	0.4268528634749038
37	3	9	71.91603687957941	0.3696046810607867	0.4345898072541301
37	3	10	65.00459315324616	0.37367576490492815	0.42039667662098923
37	4	1	1982.9934583277627	NA	-0.04668790577726156
37	4	2	355.9745815413463	0.70971682528992	0.2760108937189072
37	4	3	195.5999074394844	0.5794576302637853	0.37402329281133895
37	4	4	160.93045186861326	0.47818300305054	0.36542107737021023
37	4	5	128.66761458422127	0.4907543349326099	0.40632732538872096
37	4	6	107.73718414189558	0.4312181685925509	0.3039909030102823
37	4	7	98.8997434584079	0.32669747264886084	0.4424523659946704
37	4	8	79.97635304986086	0.34510484011604264	0.4718274819909607
37	4	9	74.4309770916894	0.3391626182745386	0.4024124991631344
37	4	10	67.21963147050572	0.337278171509066	0.49866322094573245
38	2	1	2522.918424684486	NA	-0.021296996463996187
38	2	2	452.655135967428	0.7171479682977868	0.23924930433163016
38	2	3	210.19126051124192	0.6266679039680219	0.34995883761374014
38	2	4	161.6343216871226	0.5410168485603168	0.31444101603276753
38	2	5	133.4902205739091	0.4410836059029351	0.29089145405808026
38	2	6	111.48800535996824	0.4628354086297206	0.26136404278632375
38	2	7	92.71373174842762	0.4708493489090073	0.2507500815184076
38	2	8	75.75050012158302	0.4197975692792843	0.20771096814339085
38	2	9	65.03794552243912	0.42411513638293347	0.2705238936104899
38	2	10	55.073349727125105	0.42754092118011805	0.2813889097738129
38	3	1	1808.8807285281719	NA	-0.0450280234962932
38	3	2	366.2416898022626	0.6914562408657985	0.2606636420928714
38	3	3	195.9547251573462	0.5828475066296253	0.39210034149305795
38	3	4	160.02479105508547	0.48216155761200574	0.368545341180023
38	3	5	136.3462994708068	0.49908971867122276	0.34288435348134083
38	3	6	117.50581079084039	0.5068725427406002	0.40633180961634174
38	3	7	96.35009834085403	0.4585178351912805	0.3942727227920262
38	3	8	86.57420109442401	0.3525747324769115	0.4417798857210209
38	3	9	75.3520676381759	0.3585652124439231	0.3565897794324129
38	3	10	66.66511169857236	0.3714455199380305	0.4640263222400529
38	4	1	1843.8305698809309	NA	-0.0223516292533672
38	4	2	382.01514375736383	0.6854765612953542	0.2531460712181941
38	4	3	194.68823427623258	0.5883631831102982	0.3855923664419789
38	4	4	151.8883323480755	0.5118753464271039	0.41016365083360107
38	4	5	126.34655364696029	0.4990574059490506	0.3958727699882765
38	4	6	105.98101677412448	0.4562465990146496	0.42236071686367005
38	4	7	87.09876680343973	0.4707570774022203	0.48369412350180774
38	4	8	79.02810672841588	0.3448393072994244	0.5329303201623645
38	4	9	73.34465212191324	0.34411578921942565	0.5482437845893595
38	4	10	66.39753273674924	0.348664521253203	0.33679982305434253
39	2	1	3280.4060428234334	NA	-0.08137015345707965
39	2	2	541.3405261287178	0.7268010729978404	0.18858085713765682
39	2	3	253.65177067293286	0.6419796475878776	0.27818360903551564
39	2	4	190.60707545318797	0.556334925614199	0.23538797740181483
39	2	5	156.16543049512475	0.565107275816424	0.2462719084456726
39	2	6	128.43169758663353	0.4186134559098109	0.19835031590838437
39	2	7	103.75693485907199	0.4413128552421785	0.27042179223379836
39	2	8	87.97492645110403	0.4316800454590503	0.2856325121423291
39	2	9	74.57136509155764	0.42443075934754554	0.2979754743238918
39	2	10	64.771816916047	0.4285652138037113	0.31460914198328327
39	3	1	2222.1834353347076	NA	-0.09317600211683974
39	3	2	400.7044282858904	0.7128958108263971	0.21444561485964542
39	3	3	186.27602399070022	0.6228150994299607	0.35190008090459646
39	3	4	156.1060239511979	0.5648608746452307	0.3359834975709557
39	3	5	127.0488809298265	0.49757563803186466	0.32153631433394114
39	3	6	106.90003073792026	0.46312765089697056	0.3375015498196561
39	3	7	95.03262497137602	0.3592664574734277	0.41512807684335407
39	3	8	80.04801247149081	0.36021733041233894	0.36351161448176006
39	3	9	71.36155824942615	0.3594961785048098	0.3302590883032117
39	3	10	63.32942821309324	0.364485354345565	0.40483681573195573
39	4	1	1456.0579023538942	NA	0.038194669084748334
39	4	2	351.75970052938214	0.6512688352113419	0.27856799157294265
39	4	3	195.1552153709958	0.551801986601314	0.4029198863306078
39	4	4	158.30064158640428	0.4779441397727431	0.420001934537213
39	4	5	135.4250182402973	0.4954497623723076	0.4239554133371457
39	4	6	115.33430704587585	0.484165798781233	0.36062451803859963
39	4	7	97.09974592810718	0.45252153936320777	0.33499738808319
39	4	8	84.46290781922481	0.4431993979661689	0.30706004251671226
39	4	9	76.68237405511385	0.332226919342632	0.38386277099487165
39	4	10	69.95114249697474	0.3416939413832248	0.3849449701584855
40	2	1	1827.0504447662283	NA	0.012493452670373273
40	2	2	469.7079774859431	0.6340795319651593	0.12831274688727579
40	2	3	223.52980500569717	0.5797352672385138	0.24731088787225008
40	2	4	169.78315463883274	0.5328290536565493	0.2045986414846137
40	2	5	139.60245492689722	0.5042846668777715	0.21813760168085494
40	2	6	115.89747652923559	0.397224442293441	0.1651631198604
40	2	7	93.80033738709898	0.40687579122632545	0.24979786908622303
40	2	8	80.5798152425373	0.40855923544065775	0.22751638200001478
40	2	9	71.84489154621673	0.40749622520272416	0.25637508544808973
40	2	10	62.83074238154358	0.4188578156188819	0.1552691446910366
40	3	1	1806.6132122541555	NA	-0.024735776228864914
40	3	2	368.11874584548286	0.6788122420770379	0.24194555523170802
40	3	3	197.82422890388946	0.5699236832518182	0.3478294529708599
40	3	4	167.82660612120787	0.4814641065143415	0.3301184262046988
40	3	5	139.67273040542003	0.4016064632524876	0.3627701893734674
40	3	6	117.68581312871079	0.4472630920925413	0.33248174085664317
40	3	7	97.34672963097532	0.4677914555818841	0.3160311991146836
40	3	8	87.202152731344	0.3484761339670733	0.3672031662863229
40	3	9	79.24304326447118	0.35256367068939615	0.42860429142470213
40	3	10	70.4170750360677	0.3608716971866915	0.4128139519767471
40	4	1	1654.6808184280385	NA	-0.0314917990410315
40	4	2	308.23763941086304	0.6972597265915248	0.30617028404127655
40	4	3	190.11130201441864	0.543803389781118	0.38488360976802927
40	4	4	155.87443850391952	0.4333066799910539	0.4028933281861393
40	4	5	130.01323215789785	0.4586664569644935	0.4371182006922787
40	4	6	107.08813076743913	0.4367892688605017	0.42112842203649725
40	4	7	90.81286601933685	0.4579795497401908	0.48115681516950337
40	4	8	83.31669756284785	0.462813328384675	0.5188094513632402
40	4	9	75.65650845055447	0.3295015784728451	0.47770307953526236
40	4	10	69.71283316748655	0.31805390187311994	0.45048418212452557
41	2	1	2814.6167164798476	NA	-0.047195447479793984
41	2	2	521.9495477574494	0.7141968660942983	0.20982246670094185
41	2	3	205.81648803805143	0.6583880701779723	0.38863760448475393
41	2	4	161.58770841553448	0.5722409375900687	0.33048400299660585
41	2	5	132.39698614618166	0.4806100038008363	0.3715591875713935
41	2	6	110.13401816979494	0.5051340722853498	0.28149880287417606
41	2	7	90.95310997515472	0.41182996573291697	0.33376490337456577
41	2	8	73.13271284875321	0.4148383995112325	0.25084716816748687
41	2	9	62.49669243420619	0.4216617391671789	0.35975400827921655
41	2	10	53.96664910638824	0.44464039075451783	0.31146319712829307
41	3	1	2165.497705644755	NA	-0.017485950557565744
41	3	2	424.9643313552815	0.7000684790345446	0.254284239098296
41	3	3	187.56062160341963	0.621789374357538	0.4143981409149786
41	3	4	151.7089096971068	0.526893148827855	0.41605153877782985
41	3	5	128.7128535377684	0.4233644059345343	0.40896641043878246
41	3	6	112.46431243427214	0.32416628577510614	0.3761668634226414
41	3	7	94.19596846329583	0.43864516659535985	0.35718036226608785
41	3	8	83.06322129139389	0.3506651648309807	0.3452112262594995
41	3	9	75.70746785661876	0.3530803829326085	0.42974283697088644
41	3	10	69.41812422682689	0.34252446051768537	0.44443322630095583
41	4	1	2038.706695757487	NA	-0.08338294281274816
41	4	2	357.3276987087778	0.7100572901187293	0.24875368314384438
41	4	3	195.93354488212094	0.5831380664377845	0.3542066108015618
41	4	4	157.33166713622757	0.4884083563451407	0.33644900227901964
41	4	5	124.62366325352421	0.4866449682414659	0.38291671768697055
41	4	6	109.08787043802108	0.43945456325002125	0.41350480410565194
41	4	7	94.95792081245617	0.3977198993560799	0.4348421951473651
41	4	8	84.64342962465483	0.4067988052992561	0.44061231301937687
41	4	9	75.696162465485	0.33024411600737313	0.3065726602349068
41	4	10	68.0833511964915	0.33437390624033486	0.33485744535893724
42	2	1	2746.6058192508767	NA	-0.04881318463194706
42	2	2	476.70622426520816	0.71916108932892	0.2433635812321091
42	2	3	240.42742349342387	0.6223801417186029	0.34583165647644876
42	2	4	188.21301121800687	0.5153628727295071	0.3299386454893023
42	2	5	143.32760631026898	0.5509277916058771	0.31845524130534564
42	2	6	120.55449466633377	0.4094471734701976	0.3613124471276339
42	2	7	98.10112521114674	0.4123813531395565	0.2564726394377268
42	2	8	83.81085921199339	0.41738693266219073	0.34029810576311137
42	2	9	71.66143039124067	0.4192344920724223	0.3137534171154881
42	2	10	62.964125507034616	0.41507818033287436	0.14963833785124825
42	3	1	1623.9112219969213	NA	-0.00479164200156923
42	3	2	330.4197196348909	0.6847282751097279	0.21904686811686602
42	3	3	196.60978981728698	0.5436261237878335	0.26401449383547604
42	3	4	147.17943708886534	0.4691947122766381	0.22513322246835799
42	3	5	125.71458490089408	0.43552386710788527	0.1985576054344298
42	3	6	106.95220479762415	0.42771785246535626	0.31330280641115893
42	3	7	93.84363673240685	0.44307509196259426	0.22244480276698697
42	3	8	82.1739703822948	0.34570669075449684	0.31399396246979716
42	3	9	72.87879002308715	0.36163880578493607	0.30036300867240495
42	3	10	66.83803017934518	0.35784961583467645	0.3077323312780855
42	4	1	1605.5618819638398	NA	-0.024861604925854763
42	4	2	355.5538440557737	0.6665101918478031	0.219450580950177
42	4	3	186.05252110405343	0.5766251647340456	0.34352315005923195
42	4	4	149.36535070140488	0.490660954617123	0.3531570113546225
42	4	5	126.51345292521404	0.4920975759718573	0.305093342615919
42	4	6	105.32380629889202	0.4313899103765926	0.35901927499903463
42	4	7	90.55196338317775	0.44105578033260334	0.3259499749955186
42	4	8	80.82276590175894	0.45657888488714415	0.3970120550271319
42	4	9	73.39072464696844	0.33208311630036413	0.37712832456730894
42	4	10	67.00485879392329	0.33740690674601626	0.2839311516363381
43	2	1	2766.9814889987238	NA	-0.10228370986159874
43	2	2	576.0949981428956	0.6793355336626885	0.1240698635137214
43	2	3	238.36853374944383	0.6439609935554685	0.2992082260050051
43	2	4	181.30184527488626	0.5630805210620315	0.2723520574526539
43	2	5	147.77567371407036	0.5815105801118802	0.24002938460566892
43	2	6	115.32833303698422	0.49134631904355897	0.2792519085746443
43	2	7	98.17948570436707	0.41097543844245893	0.28867679018863335
43	2	8	81.39708772076924	0.43876368073760524	0.2173565346227999
43	2	9	69.04474080642103	0.42203396807261734	0.23083073966112577
43	2	10	59.99191159446088	0.4304823946081783	0.21976332785921615
43	3	1	1514.075613972637	NA	-0.008704774172119123
43	3	2	381.2007035490796	0.6387894721108025	0.18924914930520131
43	3	3	183.8116546358521	0.5757590869018814	0.3461240832231214
43	3	4	151.41881235634452	0.49919599510959206	0.32460330140438654
43	3	5	128.7023193339535	0.46784840090784846	0.31306415124121134
43	3	6	111.40062357971689	0.392503769439184	0.36501884293262954
43	3	7	93.10290635893037	0.40937077165774577	0.4058547426486747
43	3	8	82.07497773664277	0.3468470106171345	0.40932507186160993
43	3	9	74.06328647079299	0.35133940238680234	0.38082018864656986
43	3	10	67.08645973606922	0.356115852326185	0.42805479853133743
43	4	1	1345.797214036829	NA	-0.009242288752139949
43	4	2	307.5764225379976	0.6524209220715291	0.21532137311891297
43	4	3	180.64809097487745	0.531953492305565	0.2908860508969404
43	4	4	141.56765152217852	0.46040190474717946	0.2694062275619933
43	4	5	120.85022999197798	0.4700620667490041	0.25349626731334496
43	4	6	102.01056958380197	0.428717434397912	0.32199922838448636
43	4	7	92.35595193219903	0.43978422304399506	0.37136438914191094
43	4	8	83.55049902149389	0.45408319850412915	0.38711474863904094
43	4	9	77.6599414444053	0.3198233080464757	0.28129494725844095
43	4	10	69.31519680564034	0.33176021311630477	0.26241995644850924
44	2	1	2290.8400026806457	NA	-0.01418821388356406
44	2	2	563.9556515681004	0.6367539469089274	0.13607034031767995
44	2	3	220.00238494618137	0.6323147465958371	0.3225271850490792
44	2	4	167.6649633797562	0.570438023500593	0.3093844070717582
44	2	5	125.9362927537306	0.4940668688590535	0.26790681496232605
44	2	6	106.7323539800753	0.41396020670424716	0.3651990913563945
44	2	7	88.72320654405215	0.40699447300979014	0.33739316259952945
44	2	8	77.75041330332323	0.39498749989968274	0.30823422907591613
44	2	9	65.79956014565914	0.41732157818172005	0.29214064933060024
44	2	10	59.33952397310386	0.4126013383521515	0.35675254049412786
44	3	1	2139.6137468755037	NA	-0.07588430929906131
44	3	2	397.56430335475426	0.7067963403403996	0.17240842414675583
44	3	3	200.49830406547053	0.5945583916850932	0.2553142763327507
44	3	4	158.22161182650422	0.500310379937912	0.17654421314793822
44	3	5	134.8528298111828	0.5167011873442853	0.17163059630672262
44	3	6	112.59677395782816	0.4315960407431084	0.22186719269544986
44	3	7	95.5084551310191	0.45048900932085145	0.17993730185926182
44	3	8	83.88988122245051	0.36071264020013466	0.28402150858144504
44	3	9	76.3494623224626	0.3630743177942656	0.3036629530939048
44	3	10	68.84799440150474	0.366673433519849	0.3245427050609564
44	4	1	1913.7412651534135	NA	-0.09898159756720215
44	4	2	311.62555656820825	0.72738925205484	0.2794363570352765
44	4	3	182.5393964699007	0.5741704552087668	0.16256573930179208
44	4	4	144.25622810218644	0.48150740735849684	0.33907000014712096
44	4	5	121.14458307904462	0.4968597383249594	0.40580942544576626
44	4	6	105.78850776010424	0.505211198432951	0.40414708732368876
44	4	7	90.82607370592552	0.4313742179821122	0.29705509065105495
44	4	8	81.05921033291912	0.4291288011461602	0.4013780202558346
44	4	9	72.00391797116862	0.3386666960993842	0.45776356302029697
44	4	10	66.35046432632745	0.3346626066245225	0.5196257047516739
45	2	1	2809.7846906705695	NA	-0.04219951835200497
45	2	2	520.0583911644522	0.7122013417516957	0.1701388815820879
45	2	3	230.08811718763815	0.6322102910492307	0.2729474654911579
45	2	4	174.30797375597675	0.552830756603821	0.2366173428447711
45	2	5	137.3159245692686	0.4797450638521388	0.17919033451371913
45	2	6	115.17667831814512	0.48965141949874424	0.16008572317731762
45	2	7	98.66626511927109	0.4025704544892496	0.2556989397484162
45	2	8	83.72345757209987	0.4163361726346133	0.2486848490270832
45	2	9	70.2158356539877	0.4196962483292004	0.3240879091130502
45	2	10	61.15897122881328	0.42545662015860103	0.18064880544592876
45	3	1	1834.5937228814967	NA	-0.04536816726619897
45	3	2	360.7433498783954	0.6914364495303071	0.21411914676130195
45	3	3	194.9641971093929	0.5748055111617426	0.29535749654733756
45	3	4	147.72364036956066	0.49758372584897215	0.3060582727926855
45	3	5	127.10982778216803	0.5007067503042744	0.24223434566514257
45	3	6	107.2014925085444	0.4271379876048125	0.2123317504904101
45	3	7	92.27670442746617	0.44213666600827045	0.2902580917810176
45	3	8	80.12308567697916	0.36623013457688364	0.3548940408246932
45	3	9	71.70720746610058	0.36823467599772336	0.3348305714779718
45	3	10	66.51292132461462	0.34799855715667716	0.2511651418205738
45	4	1	1575.9516137051087	NA	0.0077173229107527774
45	4	2	316.12798770672885	0.6877062001333163	0.32142771427662353
45	4	3	194.99435862716285	0.5428371370831012	0.40580803424838496
45	4	4	153.49615344111484	0.4558234035558079	0.40817510603267326
45	4	5	126.9951966380539	0.47503801494530457	0.46510128299708464
45	4	6	105.68638295673179	0.4385951554599555	0.3606416313985408
45	4	7	97.34352227467346	0.3170106896447806	0.49873548977622395
45	4	8	83.1032661558954	0.4651926761902603	0.4264058539388609
45	4	9	74.66346134179068	0.3426424527296086	0.5480248059450727
45	4	10	69.04784988155582	0.33946652960406426	0.5457759850850268
46	2	1	2175.7721379248546	NA	0.010967521336908703
46	2	2	427.07903061525286	0.6992109159522475	0.25061575300136507
46	2	3	225.97517162894775	0.5839436395423069	0.3381869383136671
46	2	4	170.36934256356813	0.5292258143871752	0.3014520114551562
46	2	5	143.16116144834993	0.5461167093815414	0.2870041295490795
46	2	6	111.28113151707565	0.501541177254053	0.3454727045647559
46	2	7	94.03846159007277	0.41841664067063516	0.35900085301407403
46	2	8	78.8868121975437	0.4267689264671825	0.30392005040108394
46	2	9	67.69977919996299	0.43132588751573936	0.29121293575546536
46	2	10	61.12282500206349	0.42922133431220605	0.3382859891287233
46	3	1	1264.5761494449603	NA	0.03921183579030885
46	3	2	358.85378499367556	0.6151311155182659	0.22189977142308948
46	3	3	201.71803536934638	0.5194189772616458	0.3558803649598552
46	3	4	161.62745783138234	0.47138203198340334	0.34886265686339435
46	3	5	135.4023166136268	0.4739945278189596	0.3780838555518802
46	3	6	110.6559337576487	0.45698031335619876	0.4003104757149947
46	3	7	98.06419736358681	0.3395415218626855	0.35890063033965314
46	3	8	85.63692246338334	0.34745779002309357	0.4383860498504264
46	3	9	76.74654319328612	0.35253233708323894	0.44171098454256974
46	3	10	68.88363220757535	0.35894231455800923	0.4555040208035259
46	4	1	1923.2297611320967	NA	-0.046921187038638124
46	4	2	305.5174213740715	0.7284742698273372	0.33903975107621687
46	4	3	190.04364210810712	0.5576157201004482	0.40193167872762814
46	4	4	151.1849623996268	0.44660844964531654	0.41212888499760325
46	4	5	126.30978819557225	0.4622326159270706	0.37426358895736467
46	4	6	105.9568593726114	0.4344386391768903	0.44546405942018596
46	4	7	92.4971142322248	0.44006149253517707	0.5183464111474931
46	4	8	83.10418615330653	0.4538517302558955	0.41371102696648165
46	4	9	74.95536905095605	0.33194825972507463	0.3349438060588388
46	4	10	68.91320380604131	0.3306396923036483	0.5488675888100873
47	2	1	2269.405114655675	NA	-0.008395204301343995
47	2	2	504.4945082356825	0.6687863314508169	0.17131472158596228
47	2	3	217.60068825528833	0.6216825980073486	0.32792377910790194
47	2	4	171.6893715165574	0.5557851870406454	0.28856649773223086
47	2	5	139.81500869421194	0.567811154337645	0.24287394437061494
47	2	6	115.83836450435972	0.4057898556399324	0.2602858139061075
47	2	7	92.8446984987727	0.4170683491742218	0.26809879224395106
47	2	8	81.32216062396344	0.41105439324971205	0.32920237458156487
47	2	9	69.30380834005241	0.41527634194346813	0.2163897618468722
47	2	10	58.96724181860085	0.42531295221421966	0.36378014999023156
47	3	1	1693.97483320669	NA	-0.059089276665062584
47	3	2	417.92882355030355	0.6413738402828522	0.1477123466697483
47	3	3	189.19850002516486	0.5987756310382643	0.3281900232813646
47	3	4	153.51268911374743	0.5356381209785095	0.3022513759240777
47	3	5	131.4325635958423	0.5398722097630638	0.31200096663421206
47	3	6	111.11512182882538	0.4550620449867973	0.2816143490459142
47	3	7	100.02131056874727	0.34506847861989454	0.3446613949108488
47	3	8	85.98966435968454	0.47820502641461665	0.3339532179970557
47	3	9	73.36111970646625	0.36880111113468445	0.31552434232368354
47	3	10	67.0703886433821	0.37075427283520157	0.4329788811672759
47	4	1	2070.1610501472005	NA	-0.03900673449109071
47	4	2	321.9896500325301	0.739550954322122	0.32881267272890824
47	4	3	174.66757542345044	0.5833909550587727	0.42413860632685285
47	4	4	139.71789876403756	0.4869555406976575	0.42343029978497526
47	4	5	120.54886127909302	0.4505495584094013	0.4570965895356074
47	4	6	104.60625624000443	0.4062558133002632	0.3888562495096597
47	4	7	87.75873078247547	0.4118296997946986	0.3894830854710918
47	4	8	79.67511181919602	0.4159805275274473	0.4927125945142281
47	4	9	75.62346282190002	0.3147489570508853	0.4846317913660365
47	4	10	66.67663996594852	0.3322987359769091	0.494152963796604
48	2	1	3136.5161753069765	NA	-0.08892543758479388
48	2	2	470.695096877545	0.7431610462810145	0.2366915821586808
48	2	3	247.22285362494208	0.6192179485535974	0.29755412775928125
48	2	4	194.06043376891301	0.5781929989455278	0.2560026741865524
48	2	5	145.2009124445304	0.5460540222073497	0.23147086385115667
48	2	6	118.15567836795543	0.5078677588983155	0.263656754053454
48	2	7	95.81292934343499	0.5280454488899067	0.3370418859565536
48	2	8	79.18382540445695	0.4317287628126263	0.32539972989047783
48	2	9	67.51798629290002	0.4287519289931758	0.3381179025885488
48	2	10	59.64382605528321	0.4252282523742786	0.09455141219361085
48	3	1	1922.9430638722374	NA	-0.014422026769594254
48	3	2	366.8483217943978	0.7011542364910192	0.2890324057357816
48	3	3	189.4045523166006	0.5908007702750971	0.40688579244656164
48	3	4	152.11542671670728	0.5048157553026745	0.419948743703233
48	3	5	128.8090714140321	0.48739510467929187	0.38260056194501324
48	3	6	108.01744333631713	0.4437465318565907	0.4059613382495213
48	3	7	90.69906561176178	0.4544737206768235	0.47259328357125296
48	3	8	80.75780718923394	0.3588315895859111	0.4037441498869603
48	3	9	73.73083284681556	0.3580702552114548	0.44349654257493043
48	3	10	65.75843184634672	0.3669395378055704	0.48893669954522556
48	4	1	1491.146719455082	NA	-0.02315103371663252
48	4	2	345.6916267915838	0.6675705186486648	0.2440310646050019
48	4	3	173.94404310670691	0.5746453422874911	0.15033259142076716
48	4	4	143.77829605552674	0.4913569277779542	0.40254376677539305
48	4	5	119.2745353116909	0.47994056993516954	0.4205881246621117
48	4	6	102.48957972757991	0.42587785656758187	0.4335416828794676
48	4	7	86.36007232504036	0.44236729800281205	0.45518909366107074
48	4	8	79.3472052873357	0.3295811319325073	0.45644328620836516
48	4	9	71.70558020920842	0.340841845487803	0.4635138834140635
48	4	10	67.5110511770878	0.3335511629506238	0.45169597721984367
49	2	1	2182.4103654082132	NA	0.021257156204476324
49	2	2	516.7514048944099	0.6428197007354405	0.22890027562125237
49	2	3	241.9069377879603	0.606007110271935	0.36508434388440314
49	2	4	185.76459217327346	0.5365918583668856	0.3520455126586901
49	2	5	149.11637387725202	0.45743790413943797	0.3163939815502337
49	2	6	112.7442046105366	0.4855121672590741	0.35392703276781123
49	2	7	97.12826531291704	0.40779625873517134	0.3301312274705941
49	2	8	78.43593547859642	0.42988655250247326	0.37040350753745077
49	2	9	68.4569342886811	0.42219027890675326	0.4042012634085608
49	2	10	58.81878207978707	0.44401298448092025	0.3252153760094725
49	3	1	1963.914296584255	NA	-0.05632336296434559
49	3	2	458.18905286317573	0.6485381660131033	0.17039368678063305
49	3	3	197.43984704318163	0.6191902069761139	0.3667856123407507
49	3	4	159.06073222162377	0.5453412942195732	0.3791815700577148
49	3	5	138.84821562329216	0.5421331805059195	0.379723810923732
49	3	6	116.43483735700187	0.4669689471627972	0.40205665359245746
49	3	7	99.00316683129564	0.4722354780547205	0.3761411352994557
49	3	8	89.97802286859798	0.3547923190802802	0.3770676789468075
49	3	9	76.98007667187673	0.3548010875331789	0.43942806369119847
49	3	10	69.31571244172642	0.3743344184493552	0.37732508616122606
49	4	1	1461.1621003090322	NA	-0.03797610899288362
49	4	2	347.86268901842504	0.6506883982052789	0.2082970954993435
49	4	3	177.00657442875442	0.5707493581263268	0.36457179772382986
49	4	4	148.84860154440227	0.4892575939370993	0.3524440618545075
49	4	5	125.53637536877967	0.4838061760208268	0.38942421397067806
49	4	6	113.0047323464846	0.40964404407339045	0.3277554568154688
49	4	7	90.83434855973606	0.466476891179429	0.4137357315989285
49	4	8	81.85922810907626	0.32152721907882786	0.3454668208870806
49	4	9	74.16210899810818	0.3295687406854895	0.3345713261089709
49	4	10	69.16748980586108	0.32080787216388573	0.4763115199976231
50	2	1	2504.968161505375	NA	-0.02606008743926047
50	2	2	494.3925825003564	0.6967304054401184	0.18943842980837555
50	2	3	226.9752345353436	0.6176782729458197	0.29568899481970057
50	2	4	168.64727787559062	0.5543839927834517	0.2919766656420295
50	2	5	139.87043236973048	0.5166823998265577	0.22893495106289663
50	2	6	114.75486903458025	0.4797838727784221	0.3058026880059277
50	2	7	96.13827985051252	0.42258398674753095	0.15496493634530983
50	2	8	78.53803400367113	0.42221446055381695	0.3084493165174913
50	2	9	67.4791434543477	0.4310781558108836	0.3042001596764039
50	2	10	57.84811622057442	0.4387314558834281	0.2819344678431097
50	3	1	1477.9173385670458	NA	0.04055706548848104
50	3	2	394.6147652750255	0.6264464836365452	0.21562171586165757
50	3	3	206.2016861397406	0.5497910439123118	0.3577217649586979
50	3	4	159.69864564489183	0.5047551201074423	0.39684992952600684
50	3	5	132.92310952248562	0.47291473225644665	0.42923210298833947
50	3	6	110.05770936011822	0.4897215724222418	0.4015475334944907
50	3	7	94.7991168205172	0.3519987920438485	0.3940876952458501
50	3	8	84.88771448946525	0.35307951288869804	0.3896976949038269
50	3	9	76.23385726963146	0.34568028726295474	0.4833134957802794
50	3	10	69.21677343559358	0.3533344940372802	0.45898973075968597
50	4	1	1564.373929439807	NA	-0.04163862840442878
50	4	2	326.4631151420859	0.6847916431903589	0.25373032940812656
50	4	3	183.31876618394946	0.5560941644103122	0.3678786706846857
50	4	4	150.04147326718783	0.47318094481466944	0.366433709219411
50	4	5	129.83502251829017	0.3805799192788393	0.37968303997475195
50	4	6	110.42807925933377	0.4177811128883557	0.38853340833331806
50	4	7	95.12833686585054	0.41751602573839564	0.4166284372753255
50	4	8	83.04060287812669	0.4378078760816822	0.37907388021769073
50	4	9	74.42327863987772	0.3388911009277962	0.43020683339219623
50	4	10	68.46395424330505	0.338413046640584	0.44680178970567797
